539464232787519
368757023231382
219246791506112
496182350522757
287136814745128
197108480421064
435415319922275
305504512886398
250683908384322
151417344890045
325722904244076
519532778095722
202848213081281
222288041236841
302510086569649
416638131734850
243111532400064
463381023768881
182831995244721
582568481820049
160502850766011
139130656152440
301641273271211
112486068881156
255402757896084
411414882265105
547672765276395
287498704637717
577420248981659
399147856866886
156680591047760
623175201114665
401282909931615
506788952669598
1494128724140355
865788266819327
276942112499110
115897148556163
405163342909774
205669959620539
272934802801932
211145828910891
340711332710777
561436083885991
468673183193045
405242292891457
306363292870099
401210906584089
492110960818858
520186234702193
445967378760224
160755044080974
112660018884606
179776738852277
651702238238221
310369222351252
143329382371162
169434036549761
204399096378828
251355764903656
450665685022396
286473408043002
360932190692844
116257611747165
598527100184802
1453955868162397
267983849894354
185929011438145
250892528368985
357163364387321
263592120365472
291798537540675
499385083424347
418829121468019
270977863044272
637765346301023
324824734265383
230957143760907
167091850081174
256571851210923
577716145647563
133925176682647
434877756606835
541795975885629
102702456492648
198947810266326
608350332548280
350809911698309
358013084273616
1381759315396654
159371504188725
510120422423299
514323465309913
162234759190
201694392792
157695223335
159893390814989
289500301259119
143453005741699
150502971642992
388001037927475
339860192758127
529948277110469
105052863035205
556172187791608
1528531607378967
231396910335781
520204481339851
196522170466909
228545200604431
709349592448108
133901026630088
109301775900084
645225418863249
651848438161497
139685262714429
388014967903898
528202000557248
312876148825603
201253206599949
506097616102244
196628023698699
459163234228756
326188217430910
181765041866903
354722814648351
1549151445305174
606757919415810
355235701191899
1463584857203504
626631784046144
1458279344429035
343609532386416
577027475737682
248881735147853
342632379176112
349431491850061
132810993473684
415746955151000
224944082176
154359271272003
324503684292618
312966818845505
291842544329626
165946350213638
205055703010927
582892135162017
292668097584758
570431069741374
279992928735915
583157805102583
171015989660599
247775975424788
190971320935896
152873161391277
447420245354962
465512873490165
199448193502655
1472962436307175
114557491961273
623252631020530
654019627987737
246997885459250
162066763997480
810984392279664
1504653346454912
625525990827620
177629488947749
547888605273486
147159175355385
525292650831240
138521826262984
377236825753380
248546665291300
200236859987310
207152139409114
1392134947696984
828266203855641
419381571537102
162992313876331
332983096751420
559211440797961
113992895462749
273141859468982
1424857684443847
116899015159973
208240505966910
188121054561348
247588212046798
189890344443202
112465865574419
224144467663125
239452689484953
243636419034876
222867834555241
105505106176253
249008045161631
312972225547501
514200545258481
123133961166018
160941410593683
139392406205208
385923321477311
667690253252405
567072563379289
307445302730776
177032375821877
146208612208602
172933489429752
1426017207634660
105296199519829
157932997646933
197143250301100
131536396923311
159530694073695
494827923968488
220539918065352
119683433550
335631426472111
169050959938883
345335762144387
149807391727189
431600790254940
162984067126878
133452566782533
326538954094478
481322878600085
1477922262467079
158611277536954
481302745213150
148513125208056
430495116995223
146092698922639
165179926991062
338216966238375
153789761410115
380107925397716
504282406348864
294507621818
172317309487133
563465853721413
270594826386413
165017943569678
302488789870177
516259338393042
167381740089656
161252687266582
197548223597737
358960547525547
551249418274965
441636789254367
148316595366091
133193193494722
189039184466575
459375994138208
223426617693122
671235569570188
619697488041020
202469583287376
204552349580029
142244612499600
123717971114068
242598242605633
431158497003978
301451323282846
464888776869476
504792366319529
339217896229157
148971698526674
146974102025656
145772232264686
427042610680763
453919241354835
399230316792481
146902872152751
225390580918923
183732881751512
195887837216540
163953927060202
369608736447841
166840160159812
106715609486244
522795444433611
344980578962670
1430074800559409
441818802551377
339251475321
370692703060446
112629385513297
437696359603047
329301833869132
191203874264637
160807020723445
180921905279874
100541453465463
171255449460
1480185935528860
642624665774163
158709704177683
136843743165185
688404697891623
1467220763493391
680314238751112
105975846246917
237662566431948
433222386728354
401032356688528
1414077792179751
175165692535731
1440823859522753
471167826285398
191966374149314
329139450481320
170395006342024
117481484935149
151395958264071
219196464909546
609228465866626
174062772677824
503772829657960
196014930417557
515623028471464
260639827370908
149259411943272
353812734713953
208465482524185
124616330906800
158535496179
130022290531885
232478870208711
1385713231678228
223253071027194
200665743426545
198438090166865
216999358466698
235881146573845
112412478917162
621327031220617
160257480691430
1415249348744537
222120004538610
150463358350465
124637127554783
222184564538800
147304968758961
314775515280928
539770339421622
574373355957525
349312501837518
231432946925706
436174093171466
225923104130930
147075155492611
109796452434969
350519761726438
372858399503276
222083621161351
1422644227973517
224174654417794
425312694188557
396176910454392
175052609240001
146696532037361
155346634662704
142330272562888
230349543731755
188121724552314
144401995626105
442580442534053
255947631161984
175879102459450
397997246956432
244741102392795
108790052623333
468834973182862
336668579785260
218108041595827
1506164452938657
345076822367
1524846557741640
517558484957246
165177226856158
376353325753153
704135136276644
378750012217808
168608443341585
150935728336239
266252993503772
636530283028389
292903820834863
129274470562483
209518655842715
1390289497858229
606557979423910
225127044211870
322434612313
652974094787245
1486235278270024
329473100506244
444911625545757
637172543007074
695428200549949
1456492194588379
321783241166901
550903038284677
392823634089305
131758766971129
117276025036221
518601631561780
219544134899512
512666378766045
157244660996301
148521881844088
1429958110581551
200486323459557
111481162353324
220009934817986
316232615119539
168961786538082
117005088353424
426903547447752
646481375461622
205854266110814
198681200174231
593194590699394
234589493311049
208358252548757
338957642899503
108072276020230
516599548364522
199299006761653
408863262546765
629236943827138
444102952325719
472921406147659
114356828640332
264470030188
218859024892362
105683096172413
1440473636167816
137958099729241
195214880621064
365760896838945
323083911115750
229057493927365
131363800397631
124417410946863
153487141486933
394119800655679
246301798857745
536256509731553
171859269638410
296185703817297
483938294994127
368975009927816
1383578915196115
328690747266682
513031442091896
305061236233730
1475572066027936
1539137346316355
725804197473357
396932003746893
107247649397079
523420171126327
686495608027847
131212090284038
183115515035149
208749629275968
203560143083683
193748520731964
306871319329553
323524081065096
430783286978177
143220252401236
157052857737662
245008898954077
605638412826149
1426099190938602
201308193243346
423704037651180
155673301247377
500483760016084
296436777090745
103749303036550
158500704215463
156058297822744
117806058353065
176429995746577
432388100136308
138863139557710
554689104582542
1507544172846713
159345654135779
185081734844176
262598713759107
257810624336545
535815189774575
117081278382146
212640872211552
318770254836180
410117195755649
490763167624694
158748564179547
178126505625520
609647812411976
174234079391004
1496620667244789
226299644153810
380010262078358
184287968405239
404177162986482
252448291486704
683245318386128
224307784330791
302472449894863
134676403349247
619107088210697
596076740509375
276197179163047
242566355871714
667207263361339
198231280316869
487649811273807
675529079133098
971657859527122
547385365331513
180783931950900
566045690085333
176286592478977
537547046342680
513679138687578
621380707936760
289351531197944
253765777989845
246840665477317
502464953207276
199136920212772
194588597371327
1407527486178378
300062376687358
249646375121790
354146411265853
128033246605
489739651099215
126299858095
133381881937
333407840061460
211014162308388
641989199212662
660892890590343
207632555917892
241274696338
172923836163669
185174174858948
155326434524001
288234224521485
114981525202740
186408894745274
147218258639756
284047568409366
373430592776503
298580683487087
506329089443845
293015460736924
238733559649843
180071198728807
411039808997234
1512189139013136
256740071037589
238843622963062
442711295111
219308474799652
158421714189377
142695762511779
163350707011174
162405410437775
132358356833748
100997736650756
193616457378686
590680694317454
364786430229135
346960305373552
196447203822128
451743888176911
198800496826218
149634758538879
719362864745685
217873401586975
364759037016515
204865733006664
144889192215868
1431317003778450
215246502000542
471183769601606
662409460522122
228756843915576
150957638384123
477053252402786
673617862662718
105256182842669
189556996999
454464767946342
389473984399569
171535182915333
475945685788908
454468481293780
771365162917643
660341667353105
1393334824251357
534655846547586
508027339256917
398744366900292
944174795632706
453694414666773
221039361400189
344799685607661
551299984923167
126975934137886
279170442221790
436674023094262
362095350587134
147476441986671
200578883287279
272819766195779
389269754477490
231419760355116
358590607568871
145008618967509
101252193265096
283308211692581
157776581073560
649634461730552
297008177233
177642625591409
1451706978427207
139672529407928
428347213953657
287806668018757
547418385297947
635623096534928
259735534231934
407149522737501
144816629030097
472864952745621
370461916329171
343319562476805
268802113305779
131850583534675
257970881043436
140074892732492
558250967559707
601212389901855
1468770146697285
136819796509198
1458599731055926
256681391053383
692372564109742
624073724336974
510191935666201
320882831262223
866079556754624
730119453722332
154674607919576
772322972785774
223687224483092
373999032637221
312923712106347
300527120053335
154627651225215
373606489365354
173125392865063
236735909748013
209520665742373
161674917204533
251073441724145
540304906068092
403269646434659
701408716571509
353740194713266
185161061522435
126191620874429
398873533482082
682218378511569
526943500696915
334517890009854
206957096172893
196744717173477
198558810320628
604570716296699
247194258642595
170304333151409
211655742378156
157560551078138
202592296590759
522090194570139
676078419086077
458605630869294
400638346674535
138365156250940
770104776346060
126494557361792
262853017085825
235937589940429
214530475320665
328836380539866
1492320120996568
1422977184642130
399434350081117
375922565780233
549354781750213
124302974318502
132223200255066
233833486745653
403034223178386
1390556217871756
151061018407062
199238233580778
331234423633095
198778943474754
152547158203852
621180197924405
165974726784399
422942141136754
188061827941713
414251432014813
606749569359508
324063287706019
583846108311826
135430226470235
106960899387207
205049322854471
585656414854078
380662485292534
789741254370123
478674762196332
754733757877093
375497342578417
484995791573504
237489256431201
418820668173280
1484861678396893
191337841053432
401983136586744
1014810415201708
493964864027393
175246772508246
460238130729302
248753335159935
440231299431152
219722411557508
236549049807620
655329937811573
116219938477290
205167062975187
261338657309027
419769314764046
281346085222238
113317055470480
182221371820260
446598705428900
280624818709955
653524574659135
123175581109886
639072096110171
404008919665274
153190958205637
199312853610340
538683832833448
460063650782222
463587176993177
325230600956253
274204472746245
131841483610866
517943931574170
443165505750690
405688086201838
465990626817544
432222370230560
194577224041199
280498018628841
379332498808419
412488658795671
1416204388642184
131679350252535
757656100964118
399990906751100
502366046479578
251577128218598
1441311002750770
278216708860204
170693733105950
629424293743555
209439969235580
564984753541968
650061111704330
130197287046534
206288236115597
323110177781240
195278480497117
109132279272062
613644868652991
208468112527549
161434110577553
274853655986228
189325547925591
124197317629297
752681728108109
112122248824618
249219188554203
1417277988489700
491584884233480
744058778970582
334396933322322
317383695063066
248681821970641
594928663850663
232095123478845
403715716320113
324338947743517
186202228253412
323780217718301
316463485171325
194006183950701
431487073578563
557138994374549
302655889767612
423561141020876
162309370643885
178976748816835
212523292187250
530944493606862
193636573995036
1501097313476326
694447457270435
168910636609056
498135123589020
205019169623585
150200918514388
149571621737971
123233087743707
233808703488375
159002267502840
191668831969
306609512773441
214736741884460
728721147195313
272166989499586
241216122667525
184319934918621
511802702245657
157422464320023
162490133915888
303764039767081
236929823180518
425584607504378
198775550246280
230518093746043
246977535493251
153882294669320
318333764895106
383863701681880
169087739916201
120799161268794
355088801221213
314282155308026
314899368541718
122430631108730
456651147752164
287247654728088
188187111206252
222923247781658
516916045102494
384651701698762
1421897391402970
172820269558750
224413154253298
301198761922
791710520845952
960116157350426
707973215942273
1386916028191909
198744010176023
605472972869499
587020034703699
338548956163799
220856601371857
100809696793683
585230444839612
475333059225234
564543730322505
504104152947821
477883368899410
539794172725609
291213890982176
477567238986603
139139092811487
199275783611979
139371219553074
140097532688465
381816761950233
304434542952166
194388790592893
408215409222072
285503944915231
257316272994
1447401418866057
387691914638144
135966043260224
124534017593071
162558423868564
483872561679841
333126990034329
672918939407577
274954532649093
503345256346563
174508225901675
104047036360772
129268393840049
538618609591770
130598170477557
471956799565000
220493748056971
697621566939948
382755401854064
196516073720750
734794539936522
193582544048397
163388043775126
536154833137463
323779774346103
195208057328988
102495566531553
156291727717119
226423774163148
137672126394250
197660410401602
209319865879804
466269463417865
1388430118041401
184265921606049
116293545123452
352003978255331
235530749812168
528145817286256
1377929762481978
396972413675024
504143723015124
213624678806403
745486415480539
292675770898957
239075556195786
359337757443514
812372312109067
725609670795336
211010605698200
269257766546999
427540600641924
462253587150430
480994448687738
1524469874460366
185845658206949
1425606014384420
101246823290336
631662673543965
647805775276634
350957204355
282194648501380
165742484369
675964975778208
535154439856563
653008361393572
398095730209995
234077770025107
201485333209231
1447949835436588
794634667229823
369742417077
150041815033946
159762614074854
522037061182789
1393236250933071
340906239387456
187504398112287
726205257456959
132316190289397
219093451524341
402274183216776
259719597428438
244513185725858
359917560705889
125607857508959
473710019353544
180355205421405
520853307941545
166205360210087
120872688095308
574712455930810
703673199659761
373743452700936
