328899033884872
1416796391869072
203962776312698
701375906568471
252157808144798
130889887101918
515321445150863
280608918700117
202742859747734
171289069730759
150247195176916
431917826854605
337810609634481
112571158819721
202468619957340
277938778967542
168963826601621
1447717605513652
226771117350272
163553067091877
1456692051218570
234489093409191
751573321522445
488204631283748
1458886011012019
516398755135766
698660643553339
604974619578499
678719115518346
490026537793510
225380534326702
1463159357249987
434852876659533
437052869731188
299954540155990
644038475662712
444278178951531
474079549337667
545397882188249
274853319281115
288320741281217
1374480636155462
180237128810912
378745175577740
649015115131134
246925448765724
163037120445859
683625088330435
152544284924711
555474377850033
632502490096825
397420743716902
519683618109369
171098919623106
1427568490790830
316466191729498
486088248089823
274724269288622
110409415798189
602842656397581
339055272891973
276142112525126
142247992638184
121892194502556
323269107823998
131335777027573
753829974639926
182554188433478
143079529206074
121986417864837
438534186264330
170335966479365
327290990689882
522829677772318
161322164034712
204811519592987
316558011884988
790299657666016
1426525297599821
189041647931910
141428589238291
248685098484192
188764524500283
112838214585
127754457368590
134324779972905
105519729531996
206921732698794
296632013838343
292718670924311
567612379956794
656412984416469
679310265420786
539300532787313
242385399251665
1408340749388102
419483861454835
406405552741157
734125293286168
630187337022834
338348279655882
138799459553334
552954971457906
334917156518430
506167296147082
197101126975717
638126892884907
486220864745534
1482416441969845
174015526081371
1421606061425637
307488792645709
202347979952813
128758313953824
261201679953
218633968316412
189576014508506
1417475825172462
120426187995973
1458384824394618
387700214668562
736827283075090
195547330465013
207869406031772
286673011440140
738191416198230
139991252859351
458380487523667
546071542194499
384733461571933
134564819931968
304815716303221
159321537451343
175028179200567
499777993402481
227132247412372
258671200949525
400093540087427
163809417042390
519570674760441
378853448852308
244554828968902
187139551447435
763175577074295
138488989638873
114806451899374
368614826541752
578205428931914
618632828157311
639231516095442
113069125432081
717676118277045
528320307180230
302072079867375
116337498549018
114110118737278
496401037083848
216014421754953
176023585782420
220405264817469
203769416457399
150978818381789
149591951739368
403002303166343
245461645476139
240983122693873
626286687443868
205819199432812
182412318631732
112687632274181
270922313069594
186754587987
777431378964103
171854572956838
322830521977
534595333343195
533178436716655
202505363123270
428260767269240
121578901215470
538018992876595
186607398039033
641417775884144
447467022064281
113312625444953
301483163256840
206522546160542
262223047154012
179159742200587
331344670349382
147604038735712
258236341011214
127805020652160
388147671211691
391849337511584
439728882721729
126877884120231
513708805306196
424839597542206
331949086851872
342574555821470
211455585685033
520960641350891
233878616749706
636071433113415
416399041819947
205032732936486
508768585883186
202531389771982
178219988976913
309509892527547
872460966100901
233837996684900
291376167678132
105989756217718
186833148044736
174626682623353
120450214809212
278300995559110
191078187725319
119102278274385
340523976076097
265754243451600
377885885649751
695320343831506
208201389201580
213274268834542
338439632991684
543903849048679
178368322363346
631729860174473
394800530645515
588791594503665
715251721827397
114408678613593
119071908251896
239162732790833
242314422489505
643250192384677
252485824787525
402632573148901
177751565685513
430661323614408
156700197790737
366476636738156
463629060393267
395607840506529
113655892026342
397477340389523
449110461842056
141408206055242
476877762383977
248824808463212
417781191614679
179530145536524
336460503105949
114508675399873
130389890460708
104834042926571
145431422316223
183706331795482
326653284111036
245382015619762
209854425751500
313473648813612
1505155176388834
117090121700062
611324052219188
928122560552107
256332791185261
329202080518595
559403404070516
263311907858
207240552622815
228598197272922
124760420922951
315238155177358
459761654095647
155396971158231
1406078556271652
535203229886316
520376184680650
120177174718450
293230830688720
233040056845289
154088894777112
201079696578963
492240544170212
285744751442163
241862022528849
521689364608817
754811827870689
205360436144691
478532055555247
505938556157398
196459173841360
669382239745533
190319047810815
197403916950502
450019861753272
106243329411852
201605183322957
197512106936097
1375043006068312
318327714879707
127318670655481
181310802034818
517037231671801
527407763994047
198661356841088
806667456012050
461196720647805
312693748833715
130017733712220
218295201530617
414665471993265
346666372185914
120279568161300
707186819294463
275030335858040
226669914021258
1543328105936008
1398245060459320
180834028775774
248594374631
298128956955725
159371327460231
560814723989998
490666071061277
225401604224839
184690798304327
285911524881523
605322022867477
192233030961661
673456779365449
494194773929836
140996049303469
160484097487831
205414702873976
152012521529740
192386730936000
243891309080551
337785586312753
493601647351384
587202177969653
346255228778380
116904715181295
516018855095522
429732033710552
656224277775906
131715523615055
546853412075531
581569321934546
209700425714590
107553745994073
198692700158813
112510152093638
420523458092279
156259616731
166644700078412
155281847953032
262870207250864
544554278910184
325654790893997
423980204334692
838155769551812
577136439006947
330522827016535
575281429183496
563604597032117
168308706548507
798656236821035
188015600196
206551896200425
553458118041641
596865127034400
111625525532297
250524215098542
450696244968200
149148218472867
246738228817357
158010277728507
121751794645056
188354481322579
316064268467785
133900363480963
114084312113044
1483729618505519
686896224708778
407223692701583
215798295128422
137470959653727
358707367483525
510802445636136
292823877452188
111894752219820
172309045990
348162255310106
111359655679650
359627367632
257411877714200
355213497901158
170284693152702
207359725969215
208298282699884
503778726355675
688071011241455
360524200707678
123895060967671
137281776340373
334437856672056
382840915132865
154544214604653
131312380273001
259964217357436
485375058219993
367224463349514
181154131929781
128992423840887
193702090680529
118537071579862
1443975382487787
163491937044048
381668341932784
319172118182252
308961172550898
500345340053370
365290980248608
352251771584867
120461574789926
112044892273080
158602817583
124134154441881
130634020387157
220148408111002
469034493208696
378263378969394
291232674313525
314677265209360
276073535873307
499172396854029
225698910787405
129822267033875
213171505473212
318221941649793
596457380411368
184597641565976
402024443253608
253525008108475
720310841323391
586793721358353
232240116904586
261850367269485
738922412808484
1463685497248799
553301391416883
551465288234856
130024910517178
619871084707695
605297666206514
326600687509513
178446232214921
373621122724463
521248611226314
213510342001985
845331785500611
159301944123437
362024223893185
351757274842546
444947925568816
110886305590381
164215820435705
267911459901732
163451947048661
235931036424028
142031899322523
322253324562776
445175282277454
635242643206961
1796911413783145
228134573978397
711069735610328
284142098278697
228480834008551
192149400855419
703070969715054
1390232927890089
395160753950210
205524682967821
183873138472923
377177299017118
155480434529113
322470634723
179725665490900
445991485455487
167347616659355
320662151365233
124085090983356
151461218254676
1430757997142682
140860669793
207410899293655
167949930059781
298144060338787
503590906411565
1442617172635693
208595539171960
553003751420075
209728662484855
628648503827385
212946402049035
149302018422739
203137299853800
402672033083393
158531970977151
741000612583944
156677784388974
333169449234
221783314516907
246328938722543
301347293332666
261044040689243
461873180577752
257870974253463
193334930826910
162898797093684
365442376812464
571467912933604
240566579298920
662484283768172
208534762639840
589516931136017
248483245220494
425701730316
163276957189820
435377439891395
724109737607103
220711738082377
195955670436938
183192931872497
138820982841179
326519884064747
1465815840314893
165672133505085
605662132897113
420520631378057
475351569208212
460842114029441
246610925464100
291846074312237
603747679659009
215565571811167
569087099799539
503957102985060
199811273453645
180229928812506
362670717167476
418816804868180
206884972728283
123860294354800
114855572057490
659011517482598
189578004408241
549874811738327
360531994076213
833671580030390
188580877972338
455007744528027
328917630504856
421204194703872
558814317490333
115327838494348
959834584031451
148358278696671
204415569599225
498287093567432
348421875270005
160775960627665
399243090190371
687539814619169
318090354992179
100294071589
398066476924156
904575439592981
248252658681087
502007989860725
421230284676556
694526893892647
1491877631040208
253318941356252
627924423914796
463024200450426
123729630976970
436431159812856
430821103663409
384486155019967
112892175457559
251301161555974
841000262583261
290596094347598
221728434694253
375369289163534
422666604456291
594210330602349
318683141488008
329318357122780
405139659541970
540830012637878
228971393633
143256529080384
269861759856718
102938473123906
527568353919998
153239968124551
286641024810187
578821015519710
190787767622057
153845011339016
653615017984991
287968837983092
464213947018791
273163039451198
188496167861379
393357247437270
487124431394308
155508544536674
1595449020699995
538825566166178
119108251594932
517189471743265
113517672067159
653159324696707
454530074598452
467718049912605
422331567884778
230938770363512
592040667513171
658771157518791
698013603561029
191467427591767
177224532235
395856390498659
722539921104061
210971369084376
1406251559600777
459001620806402
426111267435270
147621831965954
103128541623
550255078353034
141042172712526
202524289782398
192047717505349
199547130086422
307332992619122
171255496408902
1400431293544181
271234219696687
136238659774745
142756265862107
161924273847227
417026091719852
276003029184022
162472227123064
177825092424640
276755165842005
415297631830161
204537109577620
370145006351081
233775543304194
268941393266225
133824550107465
428775357169804
124684547737565
244747072345886
456398167734814
106460419445143
478129338901146
595229190496128
183591665110321
1537877366430649
438110806282830
511026642295579
767873676571766
537296596297488
465623423491226
224191394392088
476935912380524
188014557986491
667420073285509
472063922868553
180733838629502
261346483955848
152485524945348
210500368964452
680234742028099
675527582528206
106145129520009
161907883824925
111546405544331
502126363182137
271596312940605
122714001154111
242954272405179
198953193626809
141423755939238
119105271454298
1514331622188322
245459048965824
101262699913468
576165312466597
121277844610297
537952459593758
1401906576735598
344344829052183
110734045633653
138508139537088
532859106833097
303438039777505
441076379331309
355885001095646
109617819141175
168207733199453
394072090610588
201640319863580
318833884951740
123096344392976
389062371186247
190355501101997
353052318129553
224465727583090
122181401210489
218911338223284
539269842819226
1471183046467467
205492326227906
244966848997018
622000614523824
283527874999472
209314212462348
594342220587117
1455374584685253
422409197850197
487363054614973
243833562317935
464769513586285
209937259209883
138853539614122
785581588154735
229560633773069
151021901603855
155444034595730
290360021063917
584433574932883
199774786852690
121050004635458
555895327840355
182568941797539
205320259482057
529501860423981
156714711037697
519755901428533
425750090806449
484636184950861
187384425973
442241159244563
1453761834863859
217189638294549
622723837750615
184283511603524
542600092437892
1444105959150735
484521498343880
561803003938083
214667825211396
332629996827556
216278301730407
192494817470940
203685899656990
249432091741746
1503190183282980
151266048334948
1523003484607632
203049833057096
156510907735307
192421950779699
438732132873322
343223219140699
178407032369134
278087948886708
193397614005284
469409579777069
244501205721696
457885664355373
1493715360898020
174767772731145
462237827135620
245191565657534
125371820886560
393790514092843
309199739099825
636600656387278
159233804213934
175947103463
437700042933402
254818271368811
739164049447317
158558300867460
266085373544462
366100330202575
478987438812538
186563758547
283075685077813
347982771962369
226089310865482
195042993869714
148837481841879
384003648287195
476158785751881
104761929604521
1414515212153319
155382867863684
235864946523940
160509834157487
195623430478052
1385145771721473
484890841578871
661501573934144
209472502562768
223159907848389
251611531590679
273858022722872
268409486508384
344782928960705
174501599272272
318972938131217
116918918358038
1466988780191180
120702538015499
330899946996858
860767940617222
729481977070985
190648150989759
639668386086531
702886973072409
658607447488480
264642190286720
153230934715448
182075878579823
253762454662955
200109270142459
384432854974571
290428107806341
415447758576759
207948315913536
243406522397139
339419812814027
257766381065359
120745621276696
214665428660280
338649189530243
431274227008937
1514132198852446
192077187646575
173148726185260
209736385763724
178418755542954
282430741924233
180541988806645
628864503823077
179709638747329
169518056478701
185150428173634
229143423940805
442874972505250
432394546798353
605093916188485
378327738934283
815931595088260
535178163265728
186228494756813
343187899157573
361626720579668
116051405196383
223988497735400
473579796010261
129787723754305
742378945800403
157122354449992
583431915008722
466475883445754
196021073744429
245213555605854
628861593793096
147320455474649
111491275606814
570713722992960
374891929256421
761775263835724
229343897250145
290478307740775
656388184451512
154593878083573
567823189956294
382432411937235
161797400648260
138618816228254
330391067078261
435189913236445
1447151465537175
199883960202074
290594757738278
1406508642910390
196026017103124
558699390837369
453504668040593
1410340792516963
433592850072510
225756747457307
171149239736927
307540919398338
173553049359948
341748012597293
416306815124280
194745814012702
405557852813602
511326705561063
579563982054617
563647940312993
446924882027957
123857387699788
406006819502869
147010685314415
155612744503575
655531601166420
411993255581168
215955601800903
652930518103400
294286744034451
332636336747206
388328754610101
580076342035269
438258789566017
775510669177565
469179716527868
541321372616438
581706618562695
594168847260131
259486807396958
338093666226249
266431916750292
241873859270613
515658851781763
301974329970133
274168662608313
409028745850012
644200538962140
229335357092590
636440149776598
142556999140057
511471665557237
127050370695214
314320298593160
579955808718241
557199814347789
269272836492209
206781269486324
141192092615430
492119704243722
634682786660658
382056635231179
255213621180247
809849045715421
199184056810965
1432037230341299
252060761668995
126475194086368
162728507083647
132198436823318
109885222524228
192290507500148
439896539402260
301109899954089
214641738723770
1625200807704969
181000998745083
215163758504933
502744523116455
1405551406324854
205971622916273
256471847703885
166374476252
724744164320773
275323339337898
354658187974056
226518104218308
1424720967775426
160331984174183
341483932659528
261177254091138
