404364856293388
404423859613853
404470389602541
404526343016218
404538842894988
404548002996673
404568506252707
404620286304943
404691116329748
404758792953824
404782179609266
404893049647912
404945219637031
405100526273924
405171562923701
405255612913845
405294639579898
405334336225481
405356589483935
405423899549343
405515692886827
405521939491885
405531012912360
405559172872254
405565376175964
405578366187376
405582429544077
405590656207853
405656789565431
405725289490862
405747819520484
405799679527888
405813796210286
405823109457668
405888046217508
406517202824401
406520149469769
406533322795582
406546039404608
406619779408863
406685699464004
406753642738617
406975329401944
406991932654426
407108802705695
407263406070613
407321815987395
407371959297896
407382762606751
407395976009736
407455329355077
407697836034916
407735396018924
407759105977467
407795832623379
407836932640779
407983622660580
408016492645545
408211822585994
408231622669177
408496992541443
408530355877956
408728539262113
408843802549019
408859389206336
400795796734734
400902083294559
400905216693647
401049016673414
401064216629312
401087276613540
401206626585116
401314176687541
401326766636051
401454593293162
401554599909832
401609196596613
401623086626547
401784046595763
401802649855219
401866973263237
401924056574744
402051873182747
402094729816842
402121046535297
402393739899860
402491879852953
402587039831092
402607783083013
402611063143930
402759129868664
402781316486165
402785326515079
402794616512254
402865783094256
402922893177785
402977626444567
403045416411027
403071176417764
403152356462530
409186929164849
409321599104741
409396999143538
409425799155897
409430662527858
409484419150864
409548565839588
409573739135522
409680749075901
409719255760615
409853542470484
1436987929890160
404856852861440
629845670400767
153249901452316
410103349131598
410120249080208
410141565748378
410372075762303
410391492429917
410531702330657
410600639032849
410827345652643
410868685684101
410930132274246
410935005592494
403217129700784
403367013138275
403372653013361
403449669757592
403503483029805
403567916418810
403568496414220
