490044081106882
385476398175181
1443272285938786
332217876905626
569041796480471
796700567023548
352684814854490
576096225755078
562047143883140
1389481077941153
202587219892752
151027658421492
181262295249981
190642761085225
166097076740546
189083957917716
269321109845816
1408421519410562
279950348772226
378405122238035
231901296969754
356694441017352
330648723734786
194778517345267
157026767691715
490453004375719
329284620477672
444075212361462
223070124491630
1377571215819997
545730672217056
125940264279911
379735312146210
148145672019317
250336658342315
229406870473644
624125564306447
204898926374873
496882137066569
412014198872222
350612765028960
164800490277557
147253592079185
694827087223522
762618513757477
186163514739000
210223365781787
148341569870
418343974935557
1399038093646827
242180892473337
143975449039346
772238022848251
373647376076461
184537904996992
277852612333308
1411439749075206
163578627178816
361345343930644
117602801754082
501046186631682
206293056211735
219597751519093
203316533126939
477472498958596
146648362145461
106183706201926
684251194958304
187324091326124
395577597169831
190563890976241
580573038673787
165804173490412
1416666915239439
654727544608292
496743017081724
104309376351883
217155131790700
562569540468743
375111099284901
564927163571398
459059270829775
601978273153678
200647616623815
390188787755859
694096360654955
403834686356698
499819033419012
401112523335710
509762859055520
1391291281108932
229354467076238
261747283987676
1443240149232513
213204942221275
253054131412871
366359506761226
191024864264295
227214890752654
211804822174750
280893938676000
221886451169590
178857738860187
167401763312111
239568456098935
149752061711305
188464887855425
209883205690561
700408673386762
1385815208370935
760672550612829
705928179436758
469304483186610
104682542944314
138416372920881
486589554780783
703978493019583
291191627569662
1480674362144134
717269935036188
335877406455814
1417994158436744
382571961848937
121542201252727
465455566857404
267363030062010
124855120916113
719851708062805
233903993483432
121552017992879
318485811553301
1416927498530939
653519354674642
301186296577403
461433090664173
1035788013228243
182986221812672
385284214911107
282206831798798
131759140172784
392363160829422
171095566364446
130851193778006
238219772958416
296072077080837
762145357161833
144236912321977
437222252993365
421894974538841
672245899490366
589366504467113
649613728466300
228417870560006
186379648201276
408706345903013
264222076988001
857125994334075
1525590664361660
495274373842856
131694446932413
442804722439726
1378323962424885
686720004744023
118132164910545
735628263121166
515942045178724
541452759201156
1421313868082007
254668257962110
332121773541986
553344561405027
213835445376559
138833512855507
544701265627950
182786365095032
235240796603879
176881745698965
287898131373177
1480333892181074
437817636271231
192382464111682
272181952889115
238967842913648
366668296734591
286621098147213
627090777323989
400763866695245
710925162288524
1378736532400814
1424021764481010
111495318908643
458424047546307
1462633367314715
178742375623474
578312388910619
319830114754532
296582953807627
217822044904385
479723818704883
197295193675104
374801559533
1429920720575807
558402880839242
320416801399482
163455323711055
176745489072229
183023838410102
523076137773197
543607495752576
287414238032665
220134211444434
678113398870464
484642711626317
261859907320390
218476281681497
281958845285798
1427853714161576
199372246832106
373264376075340
165021163639270
242363775903757
532364766779497
403452739725412
369948539747114
192175677563357
568622679828076
597652333608228
447546795355967
223593891150142
489513607787072
849942398355765
337176443056284
540426386073398
388189481300663
643336545694972
166837916850674
224333114411878
198534940170770
637103406305354
614127591964655
353624191413432
203104196382799
112975715574897
613317965355070
551035108266513
149663848430096
178609928851126
390629011043444
619997074707090
275875589190060
617029234982206
198462280263772
404690109558209
404744956247547
728334490514988
696721747065866
1430101457260625
1416045595317494
105683619579206
525137194225872
244509385747255
681925188499861
257572707705598
434681203255835
239081512895273
334424416653697
207623232680081
180101965369454
1510865535806666
661463960586687
238117896279424
453519528033757
431939733546039
120847701426326
225789614286683
354439391274980
401000043377737
231093756963769
114134818676559
231767563539902
470129243043311
459096964148920
315595698575247
433751786762600
455438657845837
632587540202214
452784118148731
323317434439467
145078608994756
250170251676119
465111673541527
271227106298836
664530016943507
215828978542472
247101477010
199586916884624
533554780024864
259327540909623
339466469430485
757386237636396
479157588825033
542039882585357
455110894544893
608235865931463
621320047890568
145966388927956
328656767251592
159944690824027
141027986021322
135573836566744
1503735016523409
243572175735922
166444530193312
635401069836920
200861966695576
111891668890752
105948556152699
458250744187609
623616067708450
256024844509852
368709476538976
107401279349225
272608176264444
390308734331802
468383959934969
250710591689726
110254302361438
445983005483715
651072621632608
190090311179661
274016616035162
1393458340915971
167411276746614
154168151302897
212090962306451
502457273233954
142836522448413
224471914280575
511126135609060
558726674184321
109267695893109
202451739861513
254314057924515
144830675538897
487357978061492
308855139147210
451833394903287
414048545314650
491889830920845
1433509466862773
236532713128743
208486632651966
177742655573072
224219054371832
165963683570798
503397943040834
150255515131266
160784040762821
204023083140207
515863548495798
480414758681286
235214213331078
230846956968606
260269994148532
806234929428042
204293546310208
112880392120755
215972725193905
710937645586046
662596803750947
630718870279418
319601694844038
816467488398432
155674181141569
679785035498202
476459809111077
290381214326307
231963683522294
260004134138090
689906797731311
1617859588441387
298494390230632
252579908270771
287877974561059
146794002052825
1434776993412470
184707728312129
563721597029547
1444892535768474
552773751518411
376391472500929
510290765654675
1544830282401929
250606645008541
630447437048175
672633589479077
205438002804528
196924063749210
211795808835973
530429670333611
298499813512135
229512510535013
191433614266549
391054884271215
396681310379844
489583181054145
480084582072863
182473721802926
370915989598920
172193439520491
653204144725169
412521468820270
420178088105649
147594428593358
197399870446626
588027151273698
1440003802940457
104752236273072
213960995357640
153604271377048
162217827171935
288705634507285
444777232266754
163819807109922
1454218618147919
328558233864963
146537132204167
268360909218
433822596691413
328204980527200
119380284811380
508073942631282
291764320914441
165128507025792
157363990978812
593691003997237
334421619987645
523692257697085
483643688368554
395549510511945
553390484746793
586090478083207
373330872787628
379819092049800
146588812198932
134809836587510
530132450387134
175050095985850
269275016558619
170423289761780
619456514751003
548992888448716
264525920397151
430459523697524
468935659818482
207377182611899
205306902960350
174668552614599
203959433010946
215816888428449
179018902178216
167215826736258
737331796295300
626860247383374
436907789675455
580857915269344
565776986874177
208300355938421
107850329256887
397404390291009
487610191273616
1483263041959143
125209454231467
670136316341532
473328872759298
134046460042950
169321106567263
603464196358781
403760699722713
154321608085094
534159853283469
577883878909589
280829355426074
207138422640680
250783665130042
201147819954310
703831749689540
232759045807
408912352457860
529620330389683
167537853377239
1425586517666100
384515884987644
276519492483209
334738666621653
424286491044375
203677666385991
217267181616938
551593994888346
327991537342714
107866005968301
113564285390341
105111452908419
530960110307282
184449604934898
300072706825820
115554948577820
1452612388315968
581558695204187
469729276464486
320286699250
540521559395152
799966310017654
229579927103025
1429721173973505
284549551575211
194753224049600
161345223923146
270305829780389
402499989764923
372528466215114
180231498199
495801207181415
923372281014351
173460096024616
230811366940583
215773258444483
472565462774242
637905589559130
523242501097341
268763313205428
646365675429474
570928486271054
347223738741094
617046845016184
213492008809944
677419495612140
160960077423700
186311024886540
1424338234468321
333881148704
464362146944293
469912703101932
547208465346382
194079530346
188663036515
255040727870884
789728621076576
214887711861867
199796086708680
505334759560979
114827878717001
245515228824146
334930109948180
711700902178643
794196547270221
416498541755972
254432998095887
1472241043002726
282517845101282
469292963145815
383491938456520
364864336964196
279897945454315
206197576171113
438120029571150
688569514505027
236631603123005
346234005428741
373559529417661
223427727689218
253441858035197
128361287245018
631982180167737
149860188551035
128201030718952
404769429548242
166456746840616
106732429406018
115086315235508
545496505575759
347751761997252
195785563800281
164623230264284
333299236760533
427053514067664
523724541024503
120969451352896
334833956601165
406422406111155
149521581744759
128259367351098
421144944638595
180494595388658
378070302213481
516952141682967
551097868287262
216945674983643
447575642018389
149084451827340
136889389716063
115882128463472
435086616520692
626145097412466
474958955848097
342942715822424
170713903088130
283786858344614
1530084760587257
481074115261024
376296489115825
391387267626366
220759811450388
357473604364503
200961973277653
283260378391905
462847693811124
538000139612953
1408752326002833
1470229409880207
606680826047661
184711144897507
475711039134981
482833531805356
181363525337823
587435797963922
190229531109910
446203382109521
542416045807656
321765404589014
675674395802481
369018376534691
368761136604866
676916412332206
223984117628233
486581104758164
309997715732913
554024967995125
530007320395260
178272855567442
135690433169374
549209398450024
122572297899305
150673978348433
467615586706905
409954585744818
162940230433848
155818584602101
214998952026924
105002722871303
425443450886946
223497111010491
292732494184973
176319862426534
488966837882387
1489762171244979
476521095804026
167357359978392
269848503123516
343999055703958
593530983998859
302194319837548
191046327583774
601213933232266
634777876570045
442611022527548
138026239669687
392516204147830
343227085769670
637957639612337
320664751414661
622933917763931
624864320932856
126650844196680
584178001667990
1477651155799587
173355752728769
296148930533795
164146320353159
134078066620552
467988023220383
297252483692967
1382494095333488
503836269704347
469713376435011
150584214995287
140521669327140
162764187113830
222260591248971
476627949069590
479032242119304
295073580605414
158695000867425
179971058808456
123579241124981
113193372039534
282394075194483
143639765813322
303382959704706
114883158705359
581362888600707
360124994028821
402580626525241
132570453479011
587798187934778
191319347687715
566797803339936
257984084219415
290573377769182
388000461265516
1423157581237772
225918417453295
385437188228457
1391529221086604
339181002906106
514271428656192
159313080894621
657375794279333
442147199226818
862253553839024
324652690967316
127495283989377
1394127404132106
191524610992193
564785093593187
1540394519535778
165756190141349
651217824898735
179954865526716
107095246088075
367524096669980
172590932916898
416987135010999
1435193046714306
427035884026727
1475353052682178
332725453452126
178582225654281
636637019694328
245165552197347
454028904621203
642099609135138
553185361391479
476848679060673
352417758192117
344329098998141
474822245929478
166498510191476
546312518761428
542833049096729
384254641629535
116217695220187
156930617829194
272489249547127
188093551354060
387142981366836
347340932060463
117306578347042
230079070526243
473874162635546
597288380281673
178226148997974
620171991346170
108416825997735
392459547470351
823460011039735
142456499282018
566362100062771
169415299783630
1524837457769932
314990945269186
149416671910804
388419324552200
170360886484859
677304038956673
504087459663503
416234708447660
351835774851635
192395987467474
185800738245010
216979725122965
515583908488239
523317071049019
532177353500123
129513513805234
193980087327839
534854463201405
215480101799570
670964383011647
365216123551917
1521341561426329
188701117835891
285469424896032
486433724810344
280261478779167
394447470565998
1379089759008197
1526272570929231
154527917959372
681863931927459
163085480524781
163862287158075
584448978293094
452624134858468
550034171720164
138060319596853
100595000007424
137496403065418
354732147932051
336445156426590
413382598734984
460599817357090
474575289324629
597701936975140
113094538777597
435947723103638
324355204337052
518229224905811
348064445322074
161852450552883
446661862057080
324838817650221
660434077317599
263934613763808
473046466104573
512390358896801
199143023446062
486676621406447
381201831992438
101750779885756
177854492375730
420563538059665
144570049053113
471786976280535
104640466320491
649248258480632
273800949426342
512524082127324
122162221287692
559296754103174
438606509543311
208526959163673
212317818892254
203499789798036
142190115970933
247302898743451
497300130286176
368577083261208
424912594285433
282487325188789
169512299760175
298078803657042
478125885603124
140254559495211
196573853825151
166257453558415
385691728528
554971624541682
140735079440900
432662173546484
201198993320085
139840636100403
198357796871083
159010344153675
459706114119614
527662730628389
372905836155599
144997928860982
1444957025764240
158988604260515
247445328706234
294481673973987
296823000506147
178797268942242
1447598465471678
266024710218401
157302231006416
245919428893846
196559560362683
161506633913188
589917117792225
255800994440286
123770570973415
252893931420647
551311011570433
399551346824777
266294060074445
465021013536561
216895238437245
469681599820547
178380228840478
544476062283155
210552282425296
299748565343
369583736479111
234342536616771
101800803329151
189477101073124
417784875024066
684521581605188
239301519473986
464558570286904
456060554441811
197575543595418
536679416411779
211723649019033
250471568432666
572806012799280
288248021346402
228687597329110
405632362814601
136250219779715
628064913941004
1407602262807050
612067862175558
289151137762496
1500681460203740
324507040955841
448088858600146
1462727870651853
189792497726162
1421037971458785
651447208277402
448835051810837
485287104890762
347646671963522
437046323096394
114653645258637
103485093156931
283825111717653
1420484478169870
1450633181845936
336093966506131
461469140537479
184411308381193
372190109553795
603560692987326
311936725525583
399784223440670
693902743993921
404849769580170
558321460889853
235048809102
321692994623336
117848748362753
360995000676333
582846418471999
776122805745305
138518636357118
501014669954574
460278277414012
540618492660137
219552358122072
310053092458135
172874096089011
476095992513161
320169074803819
386601794736456
120262548053402
520440167992054
863861273642239
339619682758735
370144869721798
155294207889747
244471668913744
311645632253036
479058755469935
572177246229173
326246147562189
660604630621750
409142482451592
320236394788309
227709230621385
239913849519702
1570622569816591
406911392770421
307789806018234
142394065904213
135226586664496
284082451622406
578762892172787
418682418180139
102376416496290
333027973510656
257842267638229
501294083215653
595937480487241
251390364145
163035307118255
1626227137603564
385212038255546
543059789147381
249019381802600
673189772762334
521650377928876
327172564043299
118161744872423
289715414490073
380781112000171
162987350510496
