281502593089
1374940919388015
517115508337546
160907340732154
251744731652598
397257923714933
434874606610013
493082394078311
309106059186737
311518232285598
179314225441491
175805639140646
246726498716375
1549098765330530
304145983002276
307978632562643
420719141384507
296433750117
196062090555084
143193395728905
177131492460323
381080358677371
1486132341600922
229060327176098
197214910383542
736096659743582
270881193081983
624880607540121
1396533870583138
237464152962295
458518870869081
112431892171915
268836309857909
203879362955561
223894017639640
103583229721177
220820254782154
566156590120567
162561913754837
149944058381449
193975677286017
378421325598499
127084964078155
570436916382941
148366408653962
1435935273349429
608137302589343
608155432624199
608218872550972
608259055948906
608336109197367
608484339197599
608532779161534
608662879206057
608871665793907
608876792461598
1448954028718940
608998645823191
609049465848777
609086345857156
609327902452457
609446112398771
609554112424225
609708659150737
609742025809098
609817392457090
609845789037947
609882072377411
609886152404323
609937139083505
609963105741307
184121611619345
610070229071622
610092729043640
610224162398115
610328102349410
610365782377387
610477615642737
610488668980270
610565605726060
610615415621682
610685762333120
610747355617273
610870868977621
610881308932267
610932159020417
610967825687610
610977925588609
610985352344538
610999045633081
611003022306064
611060862310423
611368438932291
611464618950450
611479412276366
611612775601935
611776912203151
612084672201027
612086622143241
612097425568918
612204442227853
612292708859104
612355908800711
612402072166505
612477628802751
612646608756237
612687065466712
612811272158013
612812338746008
612831772121564
612991725450248
134566649918951
613036688763385
613109512115486
613201385367997
613215188768320
613252392078041
613255892049363
613256362054046
613330848747254
620354591315914
620606334673412
620772984613366
620941507925709
621073197961513
621144724671566
621218607933413
621343641286247
621453017864968
621461864575133
621679837898229
621899881204806
622021931180034
622078627830163
622098804551599
622151951193489
622249701129469
622258871218116
622370181111719
622431061140890
622446584479905
622468541137202
622503134433701
622532624470937
622533741128301
622601351115907
622686324431706
622775471079043
622804651069635
622864337828862
622869187820470
622935017805639
622961077775070
622974904460253
208353239305455
623239854419591
623529931016864
623541077711911
623573117686501
623679231005334
623799361035522
623959854341980
623989904330565
624180821031830
619598328163271
619677868060161
619689301390268
619989724703973
620254361387098
607577602618278
607647382670827
607871729257676
607941775940580
614296111991355
614320655344973
619403834753386
619484278108875
