521238737963521
498056993598045
347644328671305
1379452595666974
708784745805135
623139117726320
561990720539791
285594244930127
746898865334891
179980488843388
322542427849505
429208897188644
121716217863968
467073706731891
795848693768545
1408725449363082
326059917450484
155359584529388
228481250648968
141357996056608
284591598376667
615857791813337
491085774334920
271467379712376
207406402683836
133352716821280
639806132733091
313765605374524
243905735623603
154868941228876
132045403517231
235396673147137
140095179352707
183694598428800
1550690025189823
151473408389366
396334137092726
112839622129652
180117132184198
655337361179923
158287014334794
296924217030059
440453846063233
145767035595075
576811919037053
116074838427892
174243992678712
175394926001193
538061539577549
368588111029
357628540979100
175929009089652
876126685730983
739995752699799
707236715968608
277996518972260
105985989495183
1448021145465614
481189038653406
223928204428571
1404040153224852
623412654368279
381001735263149
207293929452588
1510544122503424
470667149678332
298954116910291
1430859650495372
754440937904779
139727189444918
800465306683194
546902818706209
286402701496775
796349547076542
366306606878509
447615251946397
879195792141587
176155459089327
136021796475863
203065389794180
176331355883726
224021660949096
169728049882807
1395826657329108
495220497154881
1404426236472092
711704948849114
178034129057614
432634216753011
201258320018896
296488803777980
196693267052760
618345041533007
195327080507987
213153315384898
863087420402787
416573565090630
161208977356105
188117118001966
710911552296186
125806960812870
1378835462353301
443643495762005
141136516035571
121390064600335
1385805908308646
266750770168228
538779192861824
423956934353341
143161412415619
195670883826936
673670909316738
384844171541408
297843477028736
166020116912952
296246387088687
269197366617589
950924914934449
391387667628869
161329843934950
209501515875581
352448328192062
199201850228330
418662818189019
340112409429635
137538043102576
220201611382819
157952921057895
115776561779519
440230059413706
187639841249224
178014365682955
347352808727317
542219925846525
300057673431645
586749401350417
307602302671570
177416188982789
373838166072328
594508013924245
144483615618151
321025011384375
119774574699838
1441677496120652
1439385312943063
230501143772782
239054489511973
580593981994645
296247450424043
145874965598510
107661705937913
533763396651165
186642744545
139833699418873
1746266488847412
354923571235843
168221256532148
139106469570083
1451052341824333
591861310863014
140727109441558
218202856763
1420220628233003
234333903422084
109946125843358
487129447997869
139077036106039
105243699522862
219045794782256
385931051523862
233151876714721
162114923833901
784397261594012
129622107149067
192419510029
205297302933550
646876898669224
101770173256388
110498352362181
368995576450570
242613145894026
217827194916485
135416319847330
1462225027338907
150244535108661
102219363205660
107036572709993
312899112203524
122358651181173
308860742501860
587252408007638
181672115205837
1504049609828892
292140647573385
507738059240538
130723656994388
214992905198233
642330612488904
597503670358840
232170956982441
711401082205271
309310455832404
468743636534568
230347627116019
235124319964098
172350529604207
403445709716149
597239223652474
1427288867506805
595984917104171
139631186150767
100622076686038
654491824581206
411544765629941
486587988090532
418227251548844
116007248480436
642363212461265
514731981940442
334788373329879
211854742217706
532600593489158
252841641502677
325498047486740
159624917545728
291555920881781
418653711614032
256215927896860
181563522006405
392211864129966
348682861925390
382243828527980
418571181532827
483415601722925
517775464942415
669694229709611
269364203149062
204529566424248
212111582216128
237800562937269
238441516284263
518139108320337
113147755427074
860390793977383
769754026370268
234638863312013
197422230301394
110568745780506
542778029113785
539369352778509
163123167055730
237218129683421
211966388963429
583989231656367
324109968674
364923556920592
281240785278832
1465495560369919
491405667583625
133459730060347
153571348037335
126068770831427
233669243387542
654612024614443
145107692227481
120238194754389
158341814226573
536332736445048
586631204713933
210407698970409
170955036293021
800297746666166
175225045840190
296122357158215
201167560007018
754415337913220
377068925695642
344774948903643
537271909684641
126184650766424
511482205616890
431927990251892
284609428635
271635292950168
629557487115755
157652074427027
129727917061953
139772826064973
137468642987921
192339320805445
246698742059501
541000945974792
158752850974695
492612277519903
262123803822221
198371123582138
101015023273350
781103041909799
110678297028
277135012385189
151128678274210
411598218878743
177793042423361
127856917315778
1388650121387185
167943929946648
223134281188936
729413287094620
258707597613328
132337780171386
223793634434046
191780670868412
168895423270588
290087971002663
177751482415515
448702195194325
199899170052970
409424252416873
193720233977681
119760928124573
234951859958135
175788489210615
426506157394186
201053296706501
402073923239907
146061688906957
248065498647504
390251494419091
166424673405871
191404227567281
1401245423468751
249711151830410
226452784070811
476622302455418
676602745707837
273330896100249
653702621370218
447167845333515
108399385878375
184495408318589
1428255630729869
262676023749506
109523745799485
634118449948844
258551660825350
715987645141158
456335854462039
198562070278986
131068590298204
311569078963594
567381353345242
170922779627494
191976454175711
511618365559374
135795489831646
467032063367869
339817879417138
393044997436798
554621284559932
367966150008083
201454756556042
262606473932342
181845431998047
657538330981460
302776853184554
652664211455352
1597517940481391
271164873070323
672819346073592
125710224188563
208311535879155
157653967732349
357189694358436
375151669192172
174668249210388
635837786447422
241914982625129
434974256548258
210834855630924
198743620327945
426817224043568
263189897029653
233900103412341
207168065969061
310255137064
540209069324192
172510192934413
358270494243556
691463164247169
174066972655449
361570350644900
182139348603647
600198533336838
140860125964000
168475349961831
121256614613935
400387493361432
151450014918321
143456622488239
167857779943095
404383756262929
411743342218403
654705191208776
208014605961101
552864068085481
742970799055143
128951457156459
379490415462153
1595122730713929
1603573439868854
223354731135998
631038743581218
144126945741133
395638790499088
331599546981943
201220786693883
360521087358554
197762910428561
1510135059214658
119276588254092
1445643442335538
131244263628551
564742570258149
146191325419240
473776622740567
677328052298381
1453858938169227
344704705579399
1435878696693085
256354614392406
274711692689246
288236881284966
318424171539394
598847606857723
307791352655776
430020167037758
209472302397317
1399689106940866
243258345696669
176226039217408
388304647862068
460079590697776
274842812624615
185791034947920
129417933764487
272838482730203
249749118532582
134779286585864
649147891831585
853768117969224
141878029210106
491410967611400
387567244649229
707413039275549
285273974938828
217926331980
200143476672733
1388008504752250
634818303236409
1447952645457767
1472757146295666
785250338184876
177789745637593
150944231637690
122341844460595
184617154907915
150964511758978
112818208880971
693243307381694
1435474806716938
102930116428301
124424384301334
398195393538078
163134547152615
184096968295245
125584657516931
242293482588
730254097038348
526469247425408
239265289425053
438796642904609
156342507761541
109503509133442
339822106029490
478835152189735
205399212918473
645722452193703
312510328888806
297503696960010
720250734662679
658257780876608
365595356847954
214454345372457
676340802386017
118881928270967
365952316856642
718838854800221
131025372765
350591592326
132592160126466
376533489072111
464761760211553
420616438044271
458820577565367
204049796424650
334803373266845
748593918505499
148062295261117
192694990839804
624661067552356
152213642118
150623091696316
447696608665599
120621274638034
176328725886989
234636916658305
533238183409865
211402275660685
1398227253746331
178124492207142
111334415587885
141764352508653
510770942359298
186720088107951
232958140144431
695057277195216
621438217965246
163502120367903
153636714725890
560526767335683
103603816372411
549057091807437
420995404623160
1404416626489645
116369665106059
1404358129818221
160130730854831
207898655930024
230461351192
590494121003604
680682528649936
184465305070118
155192654517685
154195791365541
1474772112791171
336653419753970
648659348548874
604504569598384
236686249818144
785656931452121
526425437439747
192479520836332
295144357184158
506905716075765
277967845615206
342910405760537
667615249958904
152416328155629
538193149611691
179278288766440
402750899737540
124765724384497
104035709683594
208746775807711
1477680502471902
268449339890528
317984488258459
745151375542876
283201568471045
709446912410724
405219779537289
196712603714656
239903172770727
465336763479347
143759382430314
268302323263795
114592245255018
277762545627740
753641934656342
280743475279763
174487089245512
189582817852332
209194792478728
126290227417050
751045104955898
206413629481251
108248902617103
174245375965013
402456439814655
283989861770795
148965561806917
543358092450461
1380741502158125
271573859531044
315585505224082
219398068182550
162739040547430
258308614181924
221645547849667
531275246939356
157151427682059
104664549686896
367827189959750
602565576445560
274044242781408
677095362348274
341222499344635
596349740432096
243112995812019
152551721605440
1418788485002165
749451738449370
277458899088644
174664849224913
65273767128
335255151031
210275359099160
478694578879359
390804494304083
401421293258138
464907163626727
171488182934329
257900650900866
294916980540058
126993960812904
230200600327627
361458970643156
310833319024646
568737209820211
202039176581538
651064684913423
438296829547418
656130724409521
226000730775189
1401090043443771
101800273245621
340028652715220
722240991137483
203497479713255
156346504563563
670825189629218
793136014044341
1406456922971223
185611971631044
543669292404255
735426319818725
666042526771202
107047912694231
105714439583874
190801667620087
195597890457398
341562959273028
173282296211294
269351226420769
1458263704397091
322120244527404
583956671670729
1413070708909349
493829680643145
607855002579136
143513262474942
316295235173219
186360448082420
473827562763623
472864509472022
219384948209252
261009247354076
148393108522096
251041225073913
189437791103669
155371297849428
395469017139104
463460543739203
1384934075055600
124824340897397
155955477823189
557146154315139
540046482717076
250184201834638
644251112323469
245820415621937
633023636785494
1533431620216402
576891762425271
632158033480806
183839941651183
281660538656267
198118206964280
282996038485278
455273887836871
113778868730182
130710986973500
229877570473346
167673733248630
774916552576174
328969300469440
291035627670404
479943872018935
159146147408
216109291748858
511855382221195
587900544641496
1519680444979550
242466745943292
540060216055832
216615491707667
488126251204470
207871169239220
248439358599436
390219361027576
228291987294278
276375275774853
411220998890069
242397985820135
160869893951926
619979084712759
634869563193883
277553368992937
155551821272378
247817551976377
391738527557918
169085079883472
570371966318396
1423625464537248
170876436447660
211977208844093
256761054471518
156191941104629
209919225883397
398240870198163
223689104499644
1482406708638562
318916434938254
154808801243132
1406055286296247
488189587918228
114211508607632
114820798668854
306897932694006
443435749086510
488436027844046
191591654207131
736517003066204
453519014743528
149157695105072
244509845760224
395779093810367
513757228685150
561676213900674
260738013970573
517504395020968
476565965771852
169694323207381
203268939695648
1667555096803105
509217225852279
597014123675455
237069033090568
319255964862356
448268561921765
815848441768489
441472632609929
174744362618996
368465289890707
286853891379669
120118168040834
196506133699033
174725056033969
1502271739996905
192160267477107
143934259127135
280841798735433
217812431721786
488731501199349
561276160614961
226880447460502
292030907543069
138955126280030
1440018379547715
435026526592635
240169162782407
223906504939
311057005644381
265905830276012
506480949368898
177382668989585
195723760561139
231022870262278
511413622265771
102049539892934
246889798809727
287601564644644
226823600753901
198083980214926
609951692380717
120459598096796
562152407135955
153193254732508
120970668008122
489565831152202
202213186611540
301634983221191
178312425308
208450679333899
208078145897045
105975285612
583188351703171
108929339140462
1971130919694476
468426736600581
336896753037474
641846889228369
136392689756812
1410917035846688
207410169269009
259328074247412
179659235411817
121426064569770
103528773118232
237166232986580
121666744511795
432934300084997
158507881023337
182142841972900
1393177964272021
291701291011199
292295960847096
432066560232438
123331251061107
106607666091025
251035205058331
172078106196163
167450939968013
240065689351762
558242160939579
1422365154646825
393160134042200
127258083967717
464748953662462
220829181262937
496289433824662
183687745049799
531430543580400
366723366771869
316209161891705
179894535387193
197608523761110
202050616489166
132823470127558
325509757537062
206013579428194
557846627611568
139831559528894
606700282750634
217719778407078
1395785847305583
119607751451306
1472605599624640
1462439737304960
214461839365
151707798257041
248328089023
404445406294982
489659257786003
116101608558985
525769434151350
425456940875522
371074099664804
955565691127905
142595891404
269355096466721
409000085920
258499164287024
175868492431518
177758078973054
652311974828403
408383095947341
177326649130114
408176099259414
104003603030146
370682693033821
194355390583058
307531459279852
283160675200180
152998494891668
320639684616672
484237134954236
441865969168334
308317339184776
185715974910648
567038616663645
378175678953029
537753472927321
718969951453959
369346336447020
434553963353546
568073246546721
399526386734606
1584595808441652
314970188513537
212464885457822
195355520621195
530527223626574
534472143275383
169560839870679
347501965428849
551605584887200
1439913749556389
145057032263676
1394577007428710
231257407078207
705228462824707
225431562570
188357521270013
201333636553087
201319486585840
159089887510390
263948080290876
229964557075764
500870786622391
230009853717182
319476834823963
101180133267910
131362660220276
687037124673051
338031839693778
110761155741846
471945972903271
1429698477268068
240974245960309
703437049720906
304548869614597
543676832350997
111966762150660
155824297903787
559541700773158
183950978424424
394644610615259
118738281628534
350145225130782
246006438905499
227735190587678
605823026155243
477893632278627
284006198383158
378806252177132
168179813383323
1412717342280025
157221264465874
742721712409195
388965311143824
740572489365926
710015735700915
595788377121761
674312182582542
225734834148137
441169752609246
150115641850564
188723451265091
431069080291016
202016059932497
290965181015106
151423748261627
150571471634562
205100302991750
408747789186780
179178758806119
712865318765511
582781245098133
809689322430436
189670557740082
291770937514249
404719562982170
345685108845814
505843446219589
321930824613990
170455499697070
589224057762116
210157889014500
214147725278993
371548082927433
251372965033745
301291840015471
214427118752779
140680412805651
146774508719705
640874622622682
672102219503435
402423899866653
504697736213706
398438086920396
535555066520141
431452310205413
115834048567599
190628044449565
231121906904845
910374858975970
743729112346376
167732146746901
133861496691124
