186136871425236
186139271536114
186146788075771
186170681465848
186179344780280
186204331424457
186206418067341
186208671471945
186231484884300
186233308113171
186288524739750
186350324736966
186351291489413
186377991414577
186378688071890
186383994879810
186422484732742
186428264729188
187025048004862
187041304788668
187052168132643
187073154649986
187089777998702
187109028002129
187126877978552
187141364654804
187155021473132
187167311421897
187207544688460
187210464647456
187216788052668
187239064633132
186453538176765
186455184709467
186460588045011
186495264722276
186587628059270
186598588073653
206487892707246
186612018160724
186616328049468
186626701464114
186641151360025
186657071377915
186678761485188
186686024715146
186686621428287
186735964848387
186744151515985
186744511514206
186744931397718
186789624678168
186791268011821
186855714670025
186861878022502
186873264693345
475981659140447
186907284728111
186925598013283
186926211430969
186934934298
186958931346969
186960864771745
186977941492506
186994011343703
187276254679198
187283717294
187300518057155
187304447976600
187314601282363
187315891281197
187323521448911
187332901418434
187425438047922
187425501341540
186437821391239
186439348153186
187258037978591
187258228118836
189748524411111
189752871056347
189779611056394
189785134382381
189792354552672
189811524382860
189842427773555
189849547716092
189864247713631
189898591050512
189915897698324
189958657855265
189984447713144
566760353335230
167671509945473
339063587519
771885246176329
145142605537886
190002287699984
190017434372127
190023831027754
190035197693440
190264561017641
190274707821050
190277101166096
190279901004385
190284671087336
190295144505348
190295441006115
190305001009336
190338097678088
190359171011061
190374391010224
190375354327763
190389657823251
190406080992919
190407317685406
190455004315261
190465517779139
190535000969069
190537447694364
190556754412671
190566580993942
190567897630955
257655714343077
190105504375226
190114787686083
190132331047338
190149737684453
190151757693555
190160074336676
190167624339802
190175777676872
189653094417081
189660717738024
189680414544081
189697431058778
189700361065621
189706517724140
189724777730019
189727821060515
189729064503505
189741067740983
190178207682300
190179227685808
190207301154326
190243821004546
190249134339094
190042427866478
190042701008026
190044111029113
190262277697347
191261717707723
191262267705479
191273394232880
191340407595584
191344867577929
191362864234371
191372204287077
191391914352158
191427017568469
191460647557107
191477951056612
191494667718838
191775700844717
191500570925425
191503017539075
190635684330985
190639444300352
190677244438508
190701867643357
190702564293555
190707750961353
190751457626272
190788091107591
190802317621405
190802624287738
190845354289014
191523834203551
191530144231367
191558887558636
191564710890304
191575284222882
191585847579006
191592134206477
191592250867517
191598564372522
191609450859721
191635054208237
191641350866590
191662497691167
191744557526597
191753244192077
191791877591390
191798574179711
191820297686105
191895684165438
191899520850616
191910997496862
191937377644466
191946384189602
190914780945612
190922247745929
190943374342704
190966187618479
190991024287851
191003837600876
191005124255538
191006587598521
191010261052878
191011044266719
191011070948466
191038744274663
191042044266520
191066037593885
191082537590637
191085324255244
191126484264063
191156637591493
191194660946902
191199247756189
191222867720962
191231044394574
191512724233789
193454640730871
193490774004009
193550120667092
193568010669194
193568057335720
193584670673044
193589600673552
193595630677657
193597500680775
193605237331031
193616843991941
193641160812031
193652367313791
193668330664280
193670317370171
193679180682117
193702450653500
193725557384619
193734917317390
193742603999487
193749883971065
193762743984221
193768684002365
193798653990601
193822090638201
193824547407845
193276860692430
193303930694276
193360570715369
193386344196023
193386924020480
193388847340082
193411510691711
193413480773108
193846967437191
193847864989
193848567294591
193852780636025
193860200635376
193873317348266
193878730650371
193894534105448
193902343975132
193911977287188
193919027286483
193919917311637
193938790646148
193942957284211
193961050627773
193963650653178
194063227385944
194064227301032
194072317290788
194116050745928
193987097291424
114930358559463
395762783889578
194014340638341
194022620768813
194207610768214
194224947256356
194243824031853
194246833941013
194248157276015
194251473972856
194258543920666
194265683938585
194279500711651
194284450582570
194291470593555
194296800642087
194347943944556
194349097253915
194357397321435
194363207241848
194388060573813
194511473978729
194535703955515
194555447235162
194606360714118
194444437263073
194453070602157
194490510592663
194133803940067
194143797287761
194146683930089
194190550625094
194193767295367
194401517237328
194392890610252
194398403930304
194124447270714
194824490681106
194843217313670
194846627365728
194863257327268
194870677204090
194880154027809
194890570546691
194894937340379
194924693893002
194955263931021
194966107194709
194973690527097
194981630553395
194994000534627
194996860702799
205265286343979
195005197189953
194626323903261
194629427261694
194642963899205
194651267237072
194661564038092
194673197229920
194686550583942
194697823879651
194739147211681
195060527179881
195063143837302
195063493993361
195069577321064
195077930524310
195094590521249
195116153832514
195125837191868
195138713837861
195156513967568
195166160635750
195179663843867
195190483832879
195216160536456
195229457330509
195240133875810
195242177175544
195277173815862
195291947152873
195293237161410
195294267155103
195299300499767
195299427258770
187775727932258
195302310520137
195324417213915
195333710480110
195359590481681
195384880478020
195405263811290
195411827176992
194786103941275
194787670551213
194795625727
194796617197671
194805907238573
194807120540765
194812624026413
195980383748847
196008993899154
196010820417089
196015077079288
196018270491462
196084040444298
196088477235389
196108353752845
196178940397818
196184367235513
196190533745432
196192530398725
196197707119569
196218383836719
196233777070677
196241470440485
196244357066601
195625713821247
195649390451597
195652970463291
195666830468905
195669123834330
195669297283164
195675490448746
195680576168
195683840632516
195710090446545
195724527108760
195780193963279
195821823774221
196335680501621
196368740403900
196381633768050
196395143895428
196428703727217
196455060383833
196491217170604
196494783744785
196524247103730
196527480365847
196532327030563
196534697158905
196562623878956
196576490506503
196590287063000
195425493835377
195432043815347
195471477163615
195473520501960
195475697220742
195478093804269
195510820540205
195529373893833
195532133797734
195546847158015
195549873815606
195551817131736
195560493820974
195565033790896
195569320614223
195571760477346
195865703771471
195877600446314
195905370439267
195913480430942
195913787207522
195943067104127
196258440541950
196266213854388
196278000535509
196280977054291
196290503885174
196325393729826
195849487108998
195850560439772
196247923832154
197158540441416
197161913630968
197185100318914
197187493628725
663074557091793
240925329414287
197232797015400
197260340292918
197264463690702
197273260325899
197328270295381
197346536974306
197360183611516
277120579060795
197413823668564
196766197053208
196797690339608
196815903666030
196844893669359
196881227003777
196887373719417
196892367018528
196915203810597
196928940501902
196946213666249
196947273819343
196948480324885
197569573627551
1416567788557826
197610816937725
197613736935272
197648140268069
197651870252540
197656916945353
197678233584274
197713676974306
197731440325691
197742443583920
197758930274959
197787396935842
197793130287264
197828340248849
197834000266094
197834087036787
197005013664382
197006583663552
197010940326954
197012926997285
197018970474372
484833604963316
197117003669756
197134263785839
197137370460938
196606090357885
196607563733340
196628787035050
196645653693785
196651320435616
196678083855642
196679250422629
196688943760584
196698370374664
196720033723251
197450753616273
197463577017003
197479203613560
197488943601960
197492940284400
1562459917372021
197514916940093
197543616931640
197543796940755
197432323761764
196600117145783
198134713541425
198159500199023
198195363554289
483807358360058
198206333540019
198218023676686
198218617027164
198296713695360
198307646854562
198309000186104
198321506926183
198459053506647
198463453569992
1984754528330348
198487120205022
198517976991054
198519353514585
198553773504040
198555610157816
198592943503460
261931157260798
198638030266549
198663270158532
198674465985
198681443493290
198699583522473
198711466969602
197902143572833
197922386896281
197936377017008
197937990238171
197946250270196
197979537041732
198001260243560
198002336879611
198029396895131
198036040269193
198046016891096
198067173608081
198084783644986
198088757044696
239052919628370
228261437242904
157780031097906
198438586976380
198125143549286
197860866910098
199358540086855
199361246769345
199388210088821
199407323427938
199437013561060
199505816782234
199526353519815
199597276735014
185884751498084
199605380216894
198930076804619
198944880279714
198961946925242
217380251678558
350361055016373
199013803472201
199032650184538
199038706787495
199057653454491
199098296813518
199120696839812
199135693552821
199138400162422
199172766767560
199182320145534
199185536779579
199189436951386
199209120121385
199209670119037
199212333543496
199214403547676
199216246780994
199230460278736
199233643557031
199275260120556
199293096766291
198736896816165
198797743614875
198806006822857
198818546815770
198825553617332
198849790148337
198852206818021
198855540139495
198883700150327
625084494193750
199320143549676
199320716862643
199322893433570
199336930096026
198897206819876
198908576887970
199107083462668
200229373347356
200253389986367
200297406672662
200313943314330
200342536642924
200362443319442
200364166663253
200364736663258
200372393375503
170743889652794
200403753347825
200427463447688
248032778602323
194993190578157
199802270046569
199803016713451
199831556715367
199882583458955
199890750053184
199903610169892
199928190081428
199950360035279
199989596711931
739203882793997
1433654906922412
354423835755
115985631813509
445637678814920
186134991444049
372983652875455
144560195754881
1405900602959332
209745369173066
200006380017623
200020503358111
200030073350594
200033906730480
200040540063635
200052293382864
200114713350304
200135913392839
200170713357216
199657176744510
199661373529526
199664883401182
199666566723219
199678986835305
199693053397695
199707833450170
199710066732148
199717696727732
199757990078819
199778910218112
199778956838560
199785493397088
200470226644885
200474563305132
200503339977147
200507529990901
200513713297241
200515870038022
200519163310046
200521999992546
200533283300027
200537006624181
200547689975000
200553253289610
200557970153248
200561583289007
200564989955874
200574849953467
200599543285082
154766261338446
200607856638153
200619320116598
200627869998902
200629690005069
200184466674095
312875125495316
201055696626479
201068893238572
201069793241646
201071719998816
201084029913756
517998691546786
613204318729029
112376222114585
201128646596786
201132516583918
201140826565255
201141139979172
201146863229484
201151789922600
201167889905776
201180243271501
179967022144837
204030076339875
224681240973509
169411509799373
117441318403659
201208933222760
201233196632965
201236759896911
201238323396909
201248033239384
201255143243166
201278529888281
261044940639300
227398130708236
285940938158089
216830418445493
325895067432498
269985486437114
331462653593046
202746703176043
1409515889278526
201301069934408
170584586434213
546526728734452
356482721149394
213526765437831
169134246620964
201314319888999
201324153233564
201325399901989
201325919911449
201327799898565
201446439867829
201456633204016
201465766576749
201469176667624
201475233213832
201496279898967
737667589639076
428164823981076
792425797451690
536487996450109
479823202135916
1496379307284473
466110763468027
311046512380648
330824057099380
201535426599647
201549993364752
201561546522837
201574763200836
201575843251890
201617856535327
201618606531893
201626926655701
201705313215833
200693756633186
200697416637740
1595120994049077
231291930320521
200716623289538
200726553286096
200731353407528
200772079950379
200797059939257
548924241869261
200820993409112
200894376747385
200898426705497
200903663277730
200906743278736
200912836608510
200944759921752
200946616606548
200958443258104
200960166625387
200964479915518
200965476586362
157996880921641
135286999869773
210981318916226
201037919909427
201344476707424
201355499876943
201390576579951
270313329776208
241596512644539
491047024335663
272265286235277
323255911134823
1413035045577998
611435202201429
1435282380028303
171471169707764
424519747654505
204007743114412
107445079413560
674555682573545
298482993621919
674726015870776
234796819982702
174735016018271
171686616326474
1509114999347996
539993152717917
400367580044150
214458405381832
201403299892661
1485470755020081
201427833203178
201429516561111
201732783212745
201737983175839
201739239849827
201755093187061
201768039952128
201781883189553
201785313302201
201796816502347
201826129842861
200861869940009
200872553271109
200875043264433
201334716650832
201842356687067
201845563175498
201850713257824
201853503180401
201871746536376
201897146520019
201901889848512
201902349933909
201918359842513
201920243201432
201939649857475
201974086578387
201980429820638
201996739812802
202026709837838
202038976651269
202042636483828
202084683167507
202094106594581
202100459959459
202106263138957
202119196496757
202121703168727
202245996488324
202274566598791
202291796510784
202303296447993
202308796450308
202322653289166
202323239909254
202327876541324
202334479814366
202336046463220
202378916441879
202383083136917
202395386622931
202401773122363
202439183118262
202470013096654
202496699947423
202669096529933
202691893100592
202695913118345
202712786427020
202742693086371
202747893072335
202748709842503
202749599741801
202757589810940
202782796545755
202783823065147
202790563076528
202794586560750
202804469729641
202823543068609
202848709908642
202861473079927
202862879786565
202536639763592
202545596427559
202553803098317
202565593243156
202571873239034
202580919853643
202591269794593
202591513212568
202614893115701
202615336416752
202622436416356
202148136517110
202150279826942
202152756467461
202174683240068
202177449954978
202188316474540
202192946547514
202216076469216
202221469789117
202239893147936
202133209804024
202138699861953
202644019750487
203491796399800
203526526375592
203532386375334
203570799693634
203572979672907
203578566337394
203583693078425
203618169819825
203627422999135
203645032997239
203662206315898
203690216436846
203080446394666
203085529719899
203092333175006
203127313048927
203164003055456
203177139692971
203198693027118
203234886359209
202887933060558
202889323055461
202943713201208
202953636391269
235741896509374
202981859715792
202985996472436
202986016491764
203027629814435
203029363045308
203728033005725
203729343122324
203732873002351
203741496303940
203749769777994
203779013132405
203796753060962
203802873025522
203821722983526
203822413008984
203829573084437
203841169783133
203863979707147
203253009707669
203259826477863
203266856401549
203273706415687
203281286360806
203324403096814
203326233035517
203331569790653
203335036413097
203346673015515
203366023153872
203381643060580
203435793012537
203436453145564
203453379667781
203458983011337
204341163081201
204352746244813
204355959699634
204378886240299
204390676271252
204471286403191
204471636249030
204479016248520
204499636351063
204504076245424
204562575379
