197686913578028
498453053590143
442152692550335
112611362094065
314923255295069
105744789500562
124030671127799
174321869391
119769648174581
186416898181553
473238422726970
298680740170840
316392291774417
143658555827072
193029630718965
192689250778434
400571330064517
316870538336429
149107575107764
648616348487225
140556716012638
660441683971797
330362537011297
445031522193332
168650196520006
190386181001103
183922718330194
466135820155441
611954102184318
622091577821684
157353527793150
218820254987583
167395773321990
604314546301852
351143115031831
322664364508344
352030338238104
136361216530652
549278431766045
375044395957773
552930288139114
590749891044716
349854275095311
451676071621625
636515039705731
643556915716284
1427586030852556
284620034903483
253539098153569
130343460374154
1451726751724993
114661898630085
175373452654620
735587786484342
169942008325
161716820657790
224664267696136
577351805704415
228425687201126
246325665387918
1549012378651969
150116308513033
100319380059831
356944464412199
274880482526597
129790177228278
516996815065673
731368270211722
192082747492059
180658375291394
124707550935532
248430001981493
707230519339013
173913835995248
392742130842886
281450442617
160376387361936
1425275307723207
156005331076702
121344017939457
783929464995939
543406892356447
258281484285009
545973265466653
374483692598202
183803618340571
441672905867572
440818576009161
441363645885127
378763152203125
182878848546059
1494030024152381
1423585524519627
496578730409632
535420339877285
250456125092324
1532699490282679
632701196758889
268248936550818
221040438078466
159087777603160
592815507418569
406376812752122
428967137187361
301614899854003
345311028902037
185766528242367
137441349660477
316955445006021
355130371262987
278246705609106
530968120282827
189350094429507
575395505890303
354778227899228
146374488760282
577676832258608
16378494590
112637538894075
142213415844630
405665189513962
535392336551743
120681321430605
534838466554836
200603210008651
358915600874884
216552154604
395317217235059
1406642432908052
420771791357013
514663008620860
138092392919115
130284740483309
158649884214071
324686464308635
322235984572179
259626290764785
517401598313724
144551358917461
288358957904760
150204788462475
122031127848710
202626303170176
229572643761368
304966809547036
126082740748677
834564939892987
205659532798796
113114935394034
539963269348265
333611003425857
100133576724512
786360461374151
1414411915442566
1414489662099688
420627597988153
153110831407201
214623155216028
190369117664550
1413767465531741
1547507455483363
165590720311207
447060381980938
413567098654268
495685350517351
460773360610261
282182131881389
493508650762807
195035203886643
462857130460673
157858864412443
169974266390787
182211075196051
265766450189208
543266505749891
160144950715498
121365651269931
305078779598275
1548646315363027
109704839157625
471070206315930
748068951892331
153956048134862
108767272619165
416614361809623
428996670564595
332048923608051
599285500108885
1377793489132078
584300541630655
189846574481089
167634449965440
278937818888392
471346122933759
605311136234076
256667814457824
171595259644088
757416757643481
240303566160462
184880224970585
491784927539000
220635667948248
485073031573782
187537607950703
342602015838526
101350093385893
413975922022518
214443885295005
199335090090060
145066675513483
246032108866963
145905932210372
443218555709254
420950031313739
141090269408905
575982232448055
1391832854402845
126639347459186
193162614082603
206219519553356
366286430127249
227964830663383
