161560747346131
1444858425790940
251477788327364
728342797241692
531182646989896
1391013061131348
526444894076415
263391517097762
403281383131823
665567626867434
371615009522927
124704627599184
124749041019208
245519162236076
864956763516863
329335003813233
1431917087045099
134573976620234
176145829152615
640919582605608
570397063071632
514324812012545
162957780548680
545736602152835
679679862065443
146735162166027
171853946348530
1401828736695598
230547083787347
168499053197669
619217124760888
173216176189701
536163926502186
133232320204394
206005989571573
404844629626048
696831600342372
228692917162452
1414687555457041
150295295050662
342250525883834
140442189359939
229204903898824
1376733169213934
304322756369473
1377840732464379
305928686169860
173124562749379
120218904828069
311618232260450
759648820723875
170273699803258
250884135108870
443028032375964
347612785385613
193708527314226
603723476349955
248172465202536
292401194217822
236561556491188
1436979153184824
240225512706155
328238090689021
1475506926033214
496155903766435
500903509942219
593516884000509
100322966828642
443738642375594
460652817319830
165845873595170
445465018824449
197537663619411
682264111802552
373616856043267
136557273080670
109320252602735
294893643945249
1498023147106721
673322822707099
547396371976641
660371323985505
196240257097169
327799020684222
586896761383276
264777063641000
300628876651207
240235326101775
370918189672662
445625405450427
182125868533928
154848438030491
705741536138977
462318693837608
294195667384839
439460099473143
893516320681941
393482690761105
165205866903265
227958704012228
130120197091402
376979045751512
320759764785022
444032558973178
400325166745274
379302952114262
1404295416454079
1411756909044143
1462605910657389
336641049757521
443744592403597
577825725574468
314301848708643
158764447539821
135269049947088
224231407644790
258483244182186
629840850443568
1470534123164288
152162574848761
428896003820567
168712446649149
1480518995563309
167836836730122
205499356183723
336523866426609
397264353635713
305393109607010
255312027866274
191097711042186
678831882177717
178538425523952
556598884470907
516694005106939
323402954364482
446201392161988
255124777853810
362668040476598
394719093872034
327558533930311
376833892432979
163771997006021
179546768750721
427598267351466
566449486741291
496124260399239
128366927181775
223331777771376
202154086481740
225472390813055
193725800685515
587672867944441
175847929132296
179952172023507
217620734922837
606903586010225
305248649587606
188309181209166
238196482927708
177479522316557
344821955638862
138834514316
212952125413364
458865647499165
316321471828728
1374509659488813
235284756502661
753755751321039
140756899436854
586172934774221
586161171403432
144782128966604
154306104628512
411342542234788
178602605603154
414237695288714
634007213307675
189733494564987
150569105086922
1377242442496276
152659818229757
1424834921133345
204460792902077
450618221747540
152468371475964
217119361745351
528840280477674
126871280769979
522529284440725
382924105113679
747126315305371
592979957466416
300141916754262
133707903348059
373885079379579
630294623678594
554821334557518
340232795993056
148217758560586
1386600794884739
105631909459761
726933160681283
119374351511294
376444412475075
209564749151957
441386262585902
279926642110116
476306462458501
326781950677821
558547784223396
369331099756821
141775495842629
503487723001774
1482058435381838
109109522492759
675371042478564
517832888263654
176748539057007
684330384983930
197874260236701
659565970727044
203092686388453
188149427889286
270176499718513
448639835247802
327613843992841
1435078613410355
550276398371783
271368032994945
651592828257429
352216238251870
500161260029217
1414134565497163
106332636151499
174819495902528
164397377078378
675406402553995
518807338130070
381359645244641
496632697030186
171026079596033
1420889821502448
124298524306251
449309501817050
366223823410338
189228444542334
142598329263692
193475014013672
148737771939993
593147390796170
453182111400816
103689116375128
127497577295897
589703924408850
282474631767112
167276346657611
343212409142613
229467887114115
238589649594886
231378040206196
543664315670349
589905271088690
103767533033941
1449109152029571
101352550061439
627429487353448
396040440428216
473262409373329
143802685808172
515844031760885
514754485251740
484118065057907
158222224271416
419862124704173
189782274389934
194768130553210
292278140944394
248586538632473
107458555948759
159019527521931
215775168479456
166232280232804
208280182533827
180295411990750
362428993835831
187093284666180
1439555426274289
420772914706222
674094882630982
429904825150
319454804818955
525379667475221
517642958284255
335773329775958
288257365054
108967394974
240508832638043
127413957400542
220465691328682
153393428130303
145267958831140
480538305355207
735522079808625
217272015047593
421450601229284
146768202027736
810918185619220
165376893557651
487027551400912
762439357106927
136782586338799
245828688776658
271678032895890
254010631461289
401634979897964
207252899441515
675013162519326
571046289581589
128099647347241
271158082761
109968632390103
372072879585045
380976851983683
186161571405262
516064975102813
1422077381338484
309441672486510
286089121485514
1385198608400767
343068462373164
419512168150868
261923747314028
308821812484995
160025804159697
293882670749172
151713888321317
383357135085470
219932011440896
259872287547121
191980454168560
125535677527850
463296767057977
616409921752664
454605591237685
156435698616
677712695642598
640711989317529
429842987148974
163581457177221
530018593721534
233171280124447
126042790798353
401855763227329
315329631823120
907544499263795
1466495166901337
175871073549
386636338130975
166731010018501
219222904770071
623971921015792
192800180776581
452456378189692
505145102845679
1451919308407386
167200573423928
345566815532753
510824242290082
604058136291496
320448218024812
502105413193079
372806559496905
215614318494075
503261063074859
1426453647572573
412683008827478
399335036795641
534982159890022
318830571594033
557365574325774
170607776436461
285272681504855
345042932274091
115212161900480
211814185548849
134379153294574
157276357815038
361153557362949
201934066606605
1390624401193890
105839432824108
139615319564010
359667630724534
612897995464057
322673717882163
364439640345055
327426430753591
282327931830044
440101346056440
202485483155312
480391288693371
169299133123559
250960862665
306028219498369
404659766264977
663494537003727
268085576564440
327813293968635
183725058331761
153617011496390
415810685137462
1405189436387020
368791809883587
647978728555641
172192886173597
1531262537128018
179646178811898
268779899984794
1428381327382171
272645259478865
1409002112669821
186838941353490
250585961790047
520437568019202
468726489849329
545441895524706
125732434241242
349291398531029
487121344676158
201382853398973
213651392163207
383280115111869
204168479661323
296611113781316
736621429728063
233247100127124
169758729742426
604417082959792
1432611370345903
901806846520249
222100081301531
1397023623848833
555563921191097
245270198984001
176113859171322
337644586247379
828394663846598
127739510641333
179696308735507
126844680780925
133054476710090
341076872682432
704946019553662
562552277197000
315159215205296
444032405618956
177182609002427
121596464549343
372350132819250
194838407205697
282067285279916
287556458077331
494947450537781
444622252279673
638091532873003
345317575552393
308365372665446
118671921587667
509557182426901
232603633601114
1399850666913114
182386751963813
255562683602
1473688206187968
792550287498712
167573290107536
573407259361064
535491043213956
551347078270507
530257720392455
113539765512650
1430210047206154
595196450545040
206714742833332
426585717447029
1404334666465265
308611889276703
582092488505066
660815173963710
506801386084239
1433986870161900
553827128022878
527983630623913
401512456618405
567611826627603
499757676786590
1378351049070318
712175058812283
379009845566143
369781919832964
485324214908479
238399699648617
594429710621270
523136834447192
310684595736664
1428746030670205
521376757956182
250700571744696
621841671188490
1455485608010698
1427709260785058
249143928566603
329164647227287
226411837526937
605803349465999
241978629292172
249695955181128
479692632144751
615958855113199
451768844943026
303694776440229
227901124038990
613406865390771
154660964743243
525350517557757
565927826807653
190640921122508
738252062858740
215903181911420
235171759978634
167519290118632
670891549602448
399670873495907
341065226038511
189263541259257
383973131736357
1428286754049515
179661345571089
231748756987725
440654662711547
457548497693015
395183753975280
238839456271696
227659210733261
467962983319564
584896071556433
217290745106927
240324942785762
533682423385903
605768016146050
169765069886433
683488498342964
246159172203726
191982424320373
605871186120972
1426200140928343
410955119030249
341001939329433
207591576079509
580081052039891
504435459654517
498019343644131
238954152927520
1463506040542057
533190913426872
208946535943211
1428742217345442
744545372239355
222105221289529
345683265577114
1375319159375244
238334226321910
209664892547177
421000818000735
535443319867765
378659932265609
322934354513024
595799620479030
644034035627956
471458956303649
399207603453389
246044602229280
115773215234585
353600098056648
143460362521578
272788236260378
136928609701560
306764672762253
383483471685938
293249604209695
114136828663863
212675152276119
460055547419224
528731443911963
178913475553633
284412721699947
122245944486119
95039974283
509678662420785
488132084653449
186658911403125
858648717530557
295459930498083
782780385085376
511406775561737
1424015537863845
173723642651539
279680428877574
1494000727493856
126243597452267
342038905922192
390900864401276
427837317267840
281537615211505
377077619018590
128316503860265
248850548612236
1461976270705507
914173368594887
567340309954985
206664522778135
105710412827086
790797867619944
519425098141279
448656158540921
661887160512742
1400956763487304
1409590539287054
673760539327602
170939767504
135994006557741
104736069651034
175903765929067
228617467267183
367057233394216
141515182710433
533768273359243
422529971155319
523349654389636
177822415665133
322406944060
340391719320757
506422169398175
208095149372973
708944822481785
293256574024260
274855185870673
167944216580223
614901745255587
483203168474117
264421137007973
122736597805930
609119519217043
746600558701857
58841589652
215076888551288
179639935540649
402787353074750
623424591016776
445750078794927
147516008650717
203135309708821
241620802544860
190689131095309
725229447532084
480515392082055
226236380920304
1403191839968224
237259646478314
349156491896757
180487632155636
741175025955799
184293731620947
321543924531183
105191979638120
183344928453558
579135805471973
142364795877982
282105241897520
567117363316790
252610861453415
174382099288437
401059116630867
135387876642014
576681079059108
290681094368103
157610844434052
520650318006235
1374767522753818
120283561441794
303115273174229
618013494924243
326963757431108
318911884847895
440666762745675
141287069257818
137486286358803
596835463709046
224181821101881
541857225837168
294831880683135
385413034895827
368732463249770
803515523034699
463862323676206
151043568392344
136278969717611
413705445348152
235614363222199
222341694571307
509864919073091
1431653183774998
257245877620940
141982202560132
1405828646341921
345671915499667
448931995168465
173044542892105
432046196900218
1386314104935737
534012566703843
475626395818065
192813364084125
1419031884995171
165276946872488
542744342462483
659055297449218
204534316244640
779502542075504
610361842347431
1418474555049219
526924994038001
242851669165746
183185271725497
236175729865047
1485459858348128
361595920542329
427741290687533
366036063472587
501889183209280
137224223017416
1433246200228540
160996493937142
330619930370070
653542394663879
396741020477129
1379508332274071
576351365739469
403948809646816
235659926527983
1443793849226672
146673618743240
611099595567589
196612510377443
490687281021095
112702795550732
383775095048591
124935517594589
158538244229947
339426682835072
127648694091360
447839825278683
355817841196587
131881437004630
519395344784905
105287379624049
460382557338128
563017377116090
540354206005941
590387791024635
214353368595680
108096985986769
389722001135776
139995871775
495572367120818
1440790446207988
535806146430538
372680192847875
574487305914848
576022692409278
133245250046718
415937791838227
200778750076175
461619830596804
630944366932190
505212346157212
445477168905119
369548223134814
123121457756847
222147291160635
302246356645789
392707847518207
295707297275637
470284276329285
153965984635521
318605561562833
209171569276157
152918038249543
154763218005623
195626967127822
425416817566544
185537111524384
439177946123675
117210351666606
393500480666023
745007618924892
130529657069002
586019658102694
125844424198125
182476685187235
123750064449012
190781364365246
308692582562776
203439666483505
312290822289812
515175985231546
241290196007259
151000575091275
164494033575185
334525400013264
386582578046163
118178244865561
181539291869030
289232491100567
512860358810814
192986614187403
499372056742184
660346494042898
535095386526240
530718517055926
1415349105392896
507157329388809
243561715799141
235898656482607
100258506725193
149467208441278
1444518685781592
195147653857363
322323517803918
143185935858011
353039848151026
190553970978263
435842346503486
363580480374188
189743424566633
597983190345030
229405217120549
130844237114639
155122724659457
120761137957039
114230695290394
394843950555592
364214132264
198185730347745
448143275239843
204321516279939
131481096921940
306819236138716
466298130169976
202275906455786
183163795115526
221957651312511
238907543981
415287561835501
104122486358214
661295293942405
494200447302437
482926591776441
164328666933880
160730137423354
357036667681930
574973385869042
297259980418047
190428221110795
500593929998942
131464826904398
292033844214003
257622477660024
250267021657720
193829044055001
642998572485656
212094355479660
661836267172584
318046334897904
1915525568588161
322856751185645
515018431908307
116287528385998
1470033543238408
84619135461
154834091192
302853256406598
117159698356157
246976185352178
496305503796258
341738725974654
413731395351956
504855642926819
373880066022459
122267497855208
207344626014504
216254965062985
379728362059558
234278893394652
555993757824472
212222695523044
603470143016764
610725808996449
659257314116005
198712693587669
494523217298425
597776213613155
166877540066129
509060892475193
265264970664
259653680813004
317549665076342
165312413542389
34598886463
632682476786768
596975220320927
158493567544081
219162628218242
436545109768477
296911537034334
340518865963009
495351260569290
110807715597205
391938937588452
137500089720575
503785139689177
115439265160626
203331793079351
306583988264
246920858769561
209220319150284
606608339415404
700311910040472
437843696254447
1417486941831390
1379130002321683
114619788702718
208746132650762
629699623775735
144712809052096
1564280803804870
146690178705960
295542887245136
197326937038903
472182626224894
408996072468439
202415176453940
1377395389156227
428840977193007
210126092426026
190198265765
142864752515831
600313749987404
435785923178881
541751665847649
456087047860055
505528932881226
350510318643
1379631258977598
407823075916652
457896484233310
237132046345826
116057715086911
100963719304
155529514623738
215730707292
143036260348
397229297031736
189448717752263
138376372851326
192353140872443
127950747341055
390489734311657
150904201609582
280501642017507
396488527071522
502404999771908
401949696503187
229453733731450
267522906616885
191628697550281
186481601366595
407187269322488
419949611455549
181009735435412
170928826292660
191699374195816
194480763936802
229668719044
509609395735877
660171577345124
519942471376586
228360307346239
241288716022577
138955062903100
