155042527942546
234422213243491
1437948119785758
1382915655271076
269274926605963
373702059446499
128316983925282
418931944899606
695918473760895
710857032295902
412982505416602
1408008492673906
312802005502301
229532633915299
193410287390642
347793755306563
177876105582441
357698317695530
636124303112683
470981226291556
197251916970779
568204749930240
628428143843576
152568528147059
164117183765616
293894360768189
136704379862415
296956563759094
581558138584065
141722262569348
313793768671875
528468233863332
422446897790060
134622683412907
412130672222542
1445794208977063
584036655055922
642865135741379
272187699565446
855975694413034
264964416914373
256365861158828
557806130916400
194152907354198
428938277142573
216263118398777
398348340294990
1446425295584829
10150112873415291
231591590316297
641248965905431
366905576735811
463891057066184
173846742750146
737281152997915
390601181029712
183429475031101
242103225846497
458323527590737
1412438255654251
101551489977990
262106653901275
163801533720097
257626140919925
364887030200831
203139066398773
569800546371400
433905926643085
561186847306314
187010664719739
401153723311500
116817268378055
258914127586381
483236395090702
316215608469488
369008096560197
207434239274477
114277021972087
310719939036177
173022529405163
218228068337467
480168322015008
170758899739062
113961238766535
516014741783335
120765081314926
120564391357043
166665166719280
880134578683410
296687799007
258614687618742
184515311695325
240944949372845
524963484207211
149284461912465
198698828137
327255340766074
142780935736089
170367843042715
267858133367330
159123770807496
292031344172675
326888640734726
252583508086995
220431941437780
240334259358917
409159049157444
185124504843859
178794918850055
113258905414887
348550991956806
370891466348838
260688210776394
189232351116727
364406090313766
105047366209952
350687621713285
117459851660427
169399086470268
370320563051528
534522456634917
301001803324811
615681325176537
338000215696
172095102819889
254048764747824
389423837902186
116503705075508
352075874971087
515292528485431
245447842280228
399169046833247
172494552791798
720345708004246
400860640051140
505833176173983
200297273329204
214578832056097
178507372332244
197166986984984
1476727915886348
318644291571627
374455049317193
149774695095054
1429138000661297
184922838306774
526256174106349
1416322535273528
183166598402013
322200541247754
174154485959121
563705557012859
205940612776796
1405393156340218
210251972393799
220450388028488
454636424589180
629991377110544
130879857076024
288483507942356
211326009042339
287260881409612
289612831107500
1419583918291107
111848162225509
238609549500054
209485102407889
416113388400406
1488143998079223
356939287771504
529253580445122
146586942205566
133731500158114
461481783904869
516897558391300
388240104624042
383415685058592
613601755450757
372777266143334
915092801848453
362213203891771
1390645654499624
466886210036786
223935644317957
576885565656832
242764692417880
1465961070290730
168618846525136
261565467210815
141609338790
210711565625328
135996006547537
1492305687648534
183282961720690
259287224087672
295149820510895
130632403693748
505700719509424
598152773607587
297062747077157
375208289323647
779592408721988
463042740462448
601173873312862
106603829432607
425713037476912
156542804401377
268421008952
1434727166793309
356561881137841
171385706219622
367025573347176
1502206163352441
617168711693549
471597269530916
595280257152681
189156314492121
154283927966469
728321403858283
617343495002138
178288608887492
416846301697706
458735137558446
205062202862069
203109213176628
491037610907234
446922732044212
459835887456904
398576050273918
230186793658907
296736033675866
242767562530822
163169863878288
446090722079641
394075490709603
397297793723503
114502885275195
590278197705037
284280985006395
1456266954585694
211862028835256
196620497025606
417089338400592
215276132011925
620710204686343
215518138467901
195539787283011
173063344644
210900925711414
278108242308220
280375025372083
149463805107130
171787636199543
280578628655089
1407094389503458
611618585622334
485026344841107
1403242146607656
538172322875363
353726001425304
142566722480719
135798769802275
201806923181789
501961216568380
499663240047064
195085363857677
548076168571317
211943035508167
241523459200220
203922232976573
426496560743566
443306009019362
578853542205168
194353587416647
169758169893737
159271757525217
538223829529724
232973033519893
1412783095677184
449028085160131
147830252078548
244986668953115
106758278879
684121541610062
147115435353813
635086339851635
272960872768428
630718693610177
550075828346348
547545918623042
185412971500062
434693179909188
108042879275991
120498841456981
488795497863302
281651555246691
158852467506868
182952623538
296269490488622
350129171729639
393020674079535
134751503401529
812434558771988
415916601806957
281020078681848
546525892072960
358105280979312
135579859843332
190694754424899
551696654922863
205810086212746
1436751766592275
148445145350843
105188982965702
360273910722740
420817134638219
150891691776527
815586451817505
580763508610915
300553193422011
132643653588946
191224111061628
168916033178670
305576199607085
174955312689514
145967325590366
1537804769780669
435189533212409
278501682298580
333881493353731
156717194519924
173168242731524
238257216246249
671022679592473
389379837797039
301849516552777
532691770132213
121539761833
537833016244523
1380432212228625
581768048502184
140288365991058
522834994425722
312543238758862
202707359745918
262354283923098
1459041210991600
153673894719480
531057720338670
113646418659576
414040428639383
180705068617954
208112022550328
155787364492834
414411821969452
104867496241121
170980849693619
594774117281823
162888330451813
1389273081312612
334065546631227
703740306318194
195517937133843
602986093106129
490730114394093
122429737901138
182458990575
271661432864803
451669054894257
340214156125354
216682841812956
572888266129840
446687995421518
412971242169791
346231322189663
198349083689647
283670988463898
1446972985530700
360082334128666
645710675470384
448557995267379
268590633284712
1430782193819881
203508799664392
1449471558608218
339018916224420
516989665035713
226523357372432
1390209971230550
738799186145746
377902222356325
1453542314910330
392242017588568
712747482072233
316263105226756
245871508906592
641046509298444
694243663965926
141259795938286
1380325008889439
623131701082224
231674407033346
650601174979320
467598330034296
512959312135925
234419446735622
487369261305107
114967345328968
603993783002902
579834132103489
189148371278561
216899175145881
595170853870770
246679475513045
1392179181031274
714434565244441
372062629594572
102593933183432
1425590881010836
1393665614257081
172296456313965
1472666069626082
109695132409647
143528559062212
138055613001159
300539493377035
125143697558679
292295054214640
211041002381981
647366565307727
236249743226344
180829128794120
165925706929552
212132212152399
431190020356125
139673429505314
319830251453596
593278494027972
145230102166130
143883558996881
674720839245767
568166143257951
610744685654368
1422203688042366
580386965341069
145688762162797
227234614142996
285131578218762
284925801701083
1407438129479847
1422632211284414
1442165622714757
750973184952023
1486436494923312
187879498041403
1410905462466386
133259210148996
271296113003643
413524792041304
536431376431297
240609689388002
1429619610611896
198633160151615
1400485360178675
201041986638925
381004541967688
193881123957173
125911027556438
140606509446372
275665855846810
192120744146718
408819645886883
146221385452945
220975481261901
112422655489343
275092829345210
132036446956735
412226972187317
390959610966941
177053752329809
144913322279322
1402213246680427
155413001184759
196471700503769
383190885098192
550212085065583
248241532042600
704678386268006
487926087958040
114385078657788
395817007104714
275360692500869
113475008750318
614842451959886
362784970427462
400571883356969
155021551216163
501175093313872
598876790174328
500576576719936
694216603946029
306129392782107
279612042208387
341285919307097
379918385374015
442788442507787
528911477181251
156833334488153
279015945506329
149007285287436
463079617170782
816328831719028
195277383932734
305839889568227
628575083904064
150990021757076
459827764064233
1412762309001512
593893697290537
146744935489820
1435255853382743
262377910616948
307873705992124
232645696895916
141101972690800
457807867695906
438108422925218
257843639226
231028623634884
138382036246826
331574206937202
412033825515314
255154067266
392506320891161
153533234770
1446323345654277
631357753586309
152317611548605
152601648093197
641545969202009
253937101362613
452536894881848
172188886324336
171534496248887
620343524666225
544850435595717
110314575694216
200263490037934
170235802993552
354539211342325
165648730289824
285134151622180
587939671239740
124733004267540
351883756351
242110385991338
159068274143625
146689382074343
446085062115736
428724397182769
192417337549575
368333359919971
497901253641167
1418754395050578
280008608818733
578456852262436
130959563689367
205625416194296
314377905404871
163771053722704
365246676921024
274186559360658
570335819657994
728051823917869
654368414613512
488458221242227
839201359445677
208726069305224
110540438979729
219374021575215
628241970527518
208453812517575
440509179377978
268789419984968
114516531963856
217488424930436
426173127509559
168434363257944
189045631113506
158905510834464
419334201490759
129734047104248
596543893721629
226042540771202
319306808155440
368515173274089
108692199252441
204591309726345
323475991112875
206362486192597
236952719713932
408933060506
114467318584234
151796541576991
465490940198543
202843193124993
119816311382117
727941233899561
485062264868548
171522266208193
542509919127162
172536312927259
118779241605701
399153286796631
266671503456511
206589206046378
409474005811523
361790673877025
505475299551682
433517650041287
356049507817375
162101983873063
130047487068876
218786204844707
413867981999669
506836142661007
416740505077479
224184477731335
134649693230369
557354787615386
116186635240744
404593419642711
230891140441675
247571521983506
1461051770777330
605197396157697
1534421410119589
643143772375596
389450164434727
644784635551054
135249173281182
557184047741016
525306607496333
118600911568662
118181361716747
108082699383835
1399491283650149
728330783851596
118962728157926
249365015077282
313250358824147
138850122886518
234826843387752
175644392571718
203778452977280
571513356212640
344347792401045
267977416631134
118259025000717
1430359573898657
212270928875893
724503714228959
1559039577641978
585884381481636
1403094976569501
1520333401544902
260873014067724
421100518010838
1376532092619704
562361137117319
401268899994067
242864672569278
825926207435129
147732958713623
202593573221383
368369749899237
292730884212692
297365237072124
147947282078257
444052952333255
185187381676249
1394602257484817
739096646110643
532608776791431
449926068416907
234379253382533
349844058495495
472709489463584
379492885476790
689986887729205
350232365152
470643443008556
212720895518723
354379264664461
523307814373146
178913345564461
396665800366382
120488858118636
359127427438999
606731732703061
299420776870931
598037483570464
400053733386048
301593623242303
512184682150407
513878632002730
315265248586031
485520598183480
170293026423351
392822217402584
261924140665757
151572448363900
524602207578118
464339633643425
367099156652873
234742083295739
1479875672238821
131777603636837
563829246960930
466350950074058
1484400895156738
482801148416249
1537696479799617
249987535034672
456455021090762
102703153218050
257091124396675
468254416597330
600612376634052
124073767662738
416168291773070
194255674061569
338761216245475
1428285690766197
162497877265454
141211489265591
583429925033902
223920317634920
301574249974972
462706130479177
545399358835161
237910879681474
370281843050624
134136163390433
419817784741521
162287443948560
179121085592985
190595367740178
302714576577014
372113799467825
178647905611299
183939518349618
167478349988
186080654803432
141442275980248
368631366581017
102482996462974
137294403091231
217842011708802
214723592022176
285298444864193
171086803086705
101078820088694
167625886711187
588002887898297
567239563293806
584839908291975
146603052170101
385267084912470
306510662786859
356816717748921
373430456130501
419319908156253
541019135958395
276136339134151
572076369551601
193066977535042
430487083640498
119719591428330
323009344426158
155577977928958
332527166805321
508625285874332
143004979104960
202236626481285
268045596560463
407763915983890
184175244978036
360597524091439
1374675082744388
175690242485310
363877350323398
710227505669515
309830932438689
228618433947757
202264966600518
188874434565056
169453113106388
416812375022533
597761356945543
113125362038024
174367669290736
113257165546258
393283094070566
190938390940785
129303630473774
164344880369158
291990754158592
887361437958930
200985163398586
422362821128156
646274975387207
207243116069542
120940128066631
515878038476539
451764951573018
162511700556122
469270776475689
251046218395973
178967028889655
515673328444007
211419448875273
130902097084418
163960697107254
328439803870393
382576051762268
176447645853961
469852113064851
321529667861808
497264440288309
639052382826720
295979403823516
190700557723725
752456164778312
451434924919191
436556546360467
195970223914995
195152697161906
272865802827723
158029661013205
452865664733556
1376753632566918
1415712268708189
296940573839761
569543419758190
412053828854090
470172726340176
532656556764831
596672187009663
727556650602594
623441494339738
579121818794335
384133098389401
1472946636272068
118636401633464
276275469140505
174931222706121
216135408430660
345041168912077
373271209363461
462663343829805
367855086577393
879296968754489
287335518136233
252979391476612
198102370226363
132566906784429
728825153815636
183776287616
178958925557062
558203347602708
383753501663132
491086794331363
492087790895205
191181196949
172279536263031
150859041627397
317051901648472
119401821416275
750500295018454
299786266844360
740681289289874
149830825124266
668371266522303
203747242972383
298462376884851
225547770952987
465830000103790
321028811317309
169794049732018
106047422774833
464737016959763
192109324143912
563822153719455
158328697666595
1404546383167120
301254570000942
345164662195895
145749505549126
411302265603107
215333381928122
494224440617683
579462038767476
466284113479413
300920650058935
174554619229329
216816261667107
103948786351571
531206363609053
623516537669274
592411590808773
210354992308055
112936332116841
193791040804518
579222038796646
314288228607155
671438509586803
502464236492800
1414186142192044
263061407147920
348702251907781
445323542167090
325950570876155
112457692180723
492387050811204
445618052208638
611389352223944
249310428449909
172700349461300
550079241734141
212171212196469
233535203516889
196791417032151
684221634947287
672791536121931
204930356359015
240402222837262
669643386407450
534340426604958
481103491966575
266768720128409
172111761331
222672924433028
194460750575771
111909648976857
161337387251613
1456240581278127
404345819701473
184861405044590
191925914448
166707973467269
163380637131469
506887632715951
235295376665594
207040802792244
510266809046678
496082393805329
144883758888218
426558467409296
326610020722699
567799939972238
442998669093158
156397817848000
547720095293662
358699147517247
126831515039
269128993213409
1416922741857132
380262792129996
553572534698064
284260164990951
435908749860872
243128839117991
227968017402090
385671734900358
136136309787599
134086150048306
474835105904348
184916751546009
141922562622460
1522466628037127
162710523913757
583353828405666
338227566228467
128940220528881
569794023061902
1413511015530878
127657664097520
170934552993187
564433526961444
242911062395477
208316122530764
314607408621875
590879554300235
578332965583912
427125144067841
512665755465199
170656816314894
160654797279136
1402080833378523
