132870190216748
132874986901055
132883186852623
132895563523802
132936010157329
132925450159202
132816086801726
132816993471132
133786706778770
133815846788865
133839993355633
133875676711494
133933703285116
134007643338959
134051890066275
134085256708232
134088979999565
134516183258994
134517676737550
134528526750
134529979986435
134584909972711
134656950039612
134658079889700
134665166574161
134683193283201
134686226599020
134704006703404
134706623227222
134707973272099
134768036693477
134780109934830
134780519950445
134795313314729
134801636720645
134811456594056
134176876745141
134189470106568
134233999976992
134237593315491
134246426692668
134258639976570
134374819968450
134386843296277
134444066725986
134490613288132
133524836760357
133540223390291
133556456715240
133566646744077
133575900068627
133596883375303
133622990041042
133663923410716
133664766753848
133685810071271
133693896830983
133707396729422
133714390098913
133481653524990
133508476757543
134145883332097
134151256751636
134151853322343
135916629807324
135920329806849
135934036471685
135936756469459
135938273147307
135983123163327
135990513246414
136029056486608
136044506556251
136047153138683
136054646586573
136068483237545
136089469864637
136105463128773
136108993140204
136150579889603
136183396496960
136202753190356
134824696534207
134838546592887
134842963364760
134853029860719
134858333251778
134870689883084
134890863350236
134920656606537
134924723252703
134927489993920
134936739952739
134955296579539
135052003364256
135102539885684
135118093228780
135122929885884
135184086546866
135191693215999
135214659877080
135217666553218
135230859985189
135236006583589
135282326625278
135356583256153
135380669864998
135381056542400
135395396632257
135403326543223
135439256535463
135449106524625
135452736543126
135456823292947
135458846521305
135459806517151
135460233197474
135492939847577
135497583306703
135519823179945
135522663185514
135549346509723
135551819955610
135600019950744
135649173289082
135661893179537
135667679955201
135687719828987
135723766476357
135728016616131
135736829895690
135759530546
135801646602835
135813619787410
135826213149883
135836706597489
135838886615570
135842739929566
135847999812752
135849493179342
135856506480846
135898133113460
136905089746234
136980629726205
380501865440401
137013719714485
137029173037376
137051286357620
137115643025346
137142326473614
137177846357225
137203776310323
136389063211665
136398309755756
136400806424263
136449569895843
136475243086523
136481006414249
136499093080404
136504499759571
136515196422491
136538626519933
136544196408118
136562576411462
136591436532965
136602139840625
136605019737322
136606993204337
136642776541401
136683783169674
136704946479759
136710959738405
136713183070533
136714289743297
136717816379544
136777436400073
136819699723298
136837673109405
136840233040624
137234709686957
137267963005156
137279423135463
137286693004838
137290253108792
137298486393487
137320043010737
137331789663489
137350379782218
137390549683248
137409609670732
136216634585
136232003158635
136241979895888
136251716537081
136262456547352
136288843101658
136294616433525
136297536477082
136319229764847
136343476442391
136348686433905
136364753183499
136208076488458
1374236919487100
1374284966130627
1374304476147425
137434629655988
137439399679330
1374568499438724
1374577949469467
1374659276079247
137467809605211
1374743386116914
137483009652988
137484006317639
1374859766076078
137494569647607
137496366418034
1375038529408944
1375084469386724
1375106292765603
1375146339391074
1375155042723977
1375170106043558
137527612983793
137540382980393
1375451706047583
1375504819427992
1375749919303107
137578109645701
1375805165973586
1375814905991437
1375855362676772
1375875729315023
1375990859306726
1376000532654884
137600532971711
1376015632667595
1376016899308346
1376040389277887
1378412162398022
137861349719211
137869472979511
1378866739010795
1378880989013371
137900786293973
1379022255664102
137907063054579
1379102908981195
1379144305662124
137921896366987
137923022944514
137945452975826
137947166345699
1379484788952920
137951662937402
137957469610494
1379586118954612
1379600302323777
137961646342431
1379766748944203
137980089606168
1379829608930467
137985232934508
138075709592979
1380785395496867
138080612927710
1380911212131472
1381027515475150
1381065242114993
1381086118770705
1381137995500261
138132852919854
138171373021311
138211799603992
1382175695390881
1382319445350546
1379873632245098
137996772941938
559209914097310
1380107232261458
1380127412226735
1380141728887185
138034339610047
1380351968862909
138035799606389
138050642991689
1380739775508036
1377906652480065
1377919892440265
1377921472438451
137795496266124
137812219619490
137621909640679
1376233439280949
1376359532584631
1376544062628530
1376629852572939
1376702899276527
137674119638914
137675406316440
137686886326448
137703346297623
1377098472535777
137718109651996
1377342159230198
1377421722501439
1377497535834344
1377509215807161
1377678642462404
138478996224512
1384794661747323
138489132883508
138513132954569
1385132418400303
1385213088408403
138533239547778
1385448228358772
1385497225053278
138561912879893
138567459628822
1385686188322963
1385833741648009
1385877208299021
1385949194959090
138598066209066
1386186061597418
1387067138234934
1387127481523628
138714632966620
1387513878140126
138753722860020
1387577481455342
1387632171483393
1387828704803346
138782979522158
138789869549677
1387993938106436
138830392855142
138831102852023
1383413218547892
1383663898551910
1383679875217460
1383695568517715
1383719961869268
1383865898533518
1383987115198212
1384010141819500
138408526221012
138417829571872
138437816366933
1384598905089481
138464512926763
138467072918536
1382455638664598
138271516319937
1382782231943306
1382847988636061
138284956262689
138296342906286
138297046347893
138301932925094
1383129035287490
1383180318573437
1383245131936738
1383247768590684
1386491094948761
1386515081573312
1386571851584137
138668523009727
1386730774882796
1386738984941912
1386845811572633
138686792865516
1386898321544558
1386905298222944
138841262959182
1382398822035033
1388473488037289
1388615718097378
1388679268072002
1388729618034148
1388972467994392
1388984474699139
1389006587995387
138900866175947
138901632950963
1389109674650185
138913206176650
1389491931296073
1389514941305886
138958356115566
1389597217952682
1389636257925428
138966236205185
1389745081270140
1389984431249672
139013779552692
1390644384536303
139069109585543
139071499604741
1390738311204618
1390857114468380
1390986647781476
1391041594471309
1391043751146516
1391517547764106
1391602617751573
1391845857698878
1391876121063707
139198752909672
139201832816845
139204166255710
139208582826803
1392161507671133
139225229524284
1392464597641070
1392553341013223
139269282818170
1392767970988876
1392881990982620
139291616136400
1393092580935690
139312969521011
1393250867593296
1393307537631598
1393406357611422
1393468950913482
139349412800632
1393565170876778
1393599397607361
1393646047567268
139366186236960
1393719127514504
1393761500872233
139377062885962
1390186514565827
139031916221241
139034272841439
1390360217883374
1390439474559978
1390447534533646
1390496957855489
139057646165512
1393968304224974
139397989571496
139418646157560
1394297474163483
139995052792164
1399993663585934
460890760588990
169371366457663
423767307679371
321621748718
540671079339626
1400045023606917
1400242540213482
1400367910202320
1400456296904608
140051142727363
140055866062886
140056056175455
1400604306895650
140067249472012
1400738923471675
140073962726880
1400751463517866
1400785606854851
1400807720154302
1400867270187578
1401121926773725
1401137266814002
1401148330098070
140130662812782
1401308420107149
1401311956783010
1401487453459816
139433299554299
1394492360772367
1394535540815179
1394602244151209
139466876232486
1394949154054805
139507032783988
1395087937418336
1395433100716314
1395452297368937
1395559327364607
1395595294000538
1395739823990703
1395793214023763
139593906094836
139594109403862
1396021087320636
1396055853978376
1396086307332276
1398086813819979
1398171323756939
1398178733733714
139824302864231
1398456300416458
139855126111061
139856056140696
1398861763669917
1398971243670965
1398991067017085
139910062747366
1399176947030737
1399183867015126
139918466088614
1399192703656467
139944959484868
1399464500282043
139947999515602
1399604510273351
1396457503957668
1396542803953116
1396580580603885
1396713190565437
139671569455512
1396863430528508
1396908610593322
139721056060536
1397290563867517
1397405833845442
139740726092858
1397427940495351
1397482270463272
139757516226918
139761249430282
139764432839203
1397655207173567
1397814030486548
1397878613783101
139790062755063
1397939467101716
1401601726748526
1401670436726148
140170202716914
139636566080666
1402006326679492
1402154386673291
140218712734518
140219742781888
1402209433347550
1402288730051993
1402336366655222
1402368723353583
140248749481660
1402500373299481
1402644940029012
140276612781480
1402782416667219
140284846053841
1402851076644357
1402903949992713
1402969886586353
140300706145519
1403136793236362
1403269283268430
140342266035014
140359979333013
140706532657561
1407118079503523
1407124959564640
1407136906249788
140722719368670
1407251099490225
1407272016179388
140734476017024
1407357522868330
1407402459517576
1407426482804186
1407430609489947
1407485329529478
140764662601894
1407793042817900
1407908969436196
1407988186134804
1408020329433448
1408077162788287
140808019327349
1408107226068239
1408128412772843
1408150996085406
1408171066109106
1408185729440681
140822462661365
140833479430566
140842906008783
140851146054455
1408519996055500
1403906146547531
1403969479875343
1404218669815589
1404379099819578
1404499099762524
1404571336422565
1404604663089741
1404652726441850
140468589359925
1404772109736996
140483716032548
140495172819428
1404960139773147
140501952699141
1405036343126867
1405065179779584
1405137186374055
1405193313065097
140521026114627
1405356266349200
1405435866341720
140551076120167
1405792462988011
1405845886303633
1406101269651779
1406165612944553
1406208093001117
1406239049623303
1406352876251526
140637589362966
1406399962980305
140656882666567
1406597452885112
1406689586281286
140674852673343
140677952767535
1406790449607135
1406915609584220
1408866272681548
1408904229356977
140897899304593
1408982619319429
1409013675977703
1409060949358988
1409083742637199
1409150342650151
1409215982646850
140929435972365
140930812748680
140934132751608
1409376362612718
1409417265984196
140941752627485
140948645977797
140952245999340
1409558895943096
140956125966046
1409690952580142
1409858502622388
140996329303865
1409976539263917
1410116789265590
141016772601636
1410192749197242
1410333995852144
141173349399281
141203242745754
141204709273622
1412253005730751
1412275325674626
1412290462316045
1412342395709508
1412343989020206
1412404229027874
1412416635672915
1412450388989810
141246765942309
1412568328991106
1412586655653401
1412640129002890
141269242749871
1412704509004229
1412746435625558
141280139264686
141290375930490
1412978512318959
1413031818934053
1413049155627659
1413105632251412
141316582594359
1413305122224148
1413335282249710
1413439508868493
141344692592457
1413482538891254
141351089373959
1413684618869096
1413768138838028
141376849294838
1413780418857616
1413879545507119
141388366020809
141391212589901
141404312704398
1414086678803489
141042205957948
141045069290570
141046646104154
1410469192502779
141056139298100
141068682657702
1410745185815364
141108722666546
1411088372454700
1411300829135927
1411316692424755
141136056051767
141144132613583
141154832635987
1411600992447564
141167865951173
140866902645398
1408693416016810
1410349782522067
1410386059188910
1415947981998373
1415954025323186
1416005831944782
1416009085294001
1416023605332030
141624979232368
1416268165323220
141637105903502
1416393191946698
141642762569199
141642956034873
1416520108613289
1416534981923714
141675809271319
141678522561106
1416874438528177
141702499224305
1417046885210236
1417099788530500
141710095892691
1417103735174174
1417146018501946
1417176641838323
141886409318258
1418913191671963
1418930908383946
141899422538422
141900759228044
141908715878054
141912899202798
1419213658308811
1419294815003239
1419323194988138
141946125870479
141950352555436
1419512641614401
1419547844948926
1419560904973054
1419579404937744
141982229208636
1419840514899697
1419841844895626
1419847081615494
1415055548713701
141506952575746
1415071195411032
1415087698724018
1415101548760503
141523872584905
1415390665351579
1415482742025155
1415525565382357
1415533615376517
141555495885207
141557105907330
1415575868708799
1415588355344109
141559252675193
1415681261993031
141571549352599
1415834682028345
1414151018825854
1414287948822788
1414381505464448
141442149340703
1414582568785839
141460915992241
1414633558752266
1414667838755825
1414741462108010
141797646005024
1418090125070353
1418154161791545
141818555880486
141835936005359
1418378361747917
1418409438394969
141849689217834
1418527525056689
141854185886432
1418693011722329
141875475912707
141882045867946
1417351761822099
1417624845134478
1417695215133770
1417772288441105
141781349314178
141785819217426
1417881711763070
1414997568737923
142007522648987
142009109289911
1423515557934923
142354045828354
1423576757920078
142360865828900
1423713557864568
142374812595045
142386465955629
1423883584539006
1423971104487807
142397722493291
1424015471197911
1424118557854336
1424193601125942
142423272489657
142429972490082
142431672583049
1424360911118713
1424403107834055
142455279161876
1424590347772221
1424674301128809
1425112054367540
142518345808310
1425233797754620
1425236424375450
142523872615499
1425279077754861
1425302057740903
142534312506164
142537189119013
142542192587227
1425430947737263
1425432497709207
1425461184368089
1420489421522806
1420627078202343
1420874244871509
142094869310269
142103909182729
142104589189911
1421081158124742
1421213894764639
1421235414770387
1421249648107398
1421328364820645
1421481181427882
1421523978091064
1421641814715151
1421694981387681
142174502627699
1421769048093629
1421785818094102
142179825848172
1425789547683473
1425795167700517
142581445854161
1425823500998291
1425931137681224
1425938124285473
1425948164351831
1426051780983083
142615182475423
1426195790996340
1426233394256251
1426237764281666
1426263684251671
142626939273113
142628139170638
142633492465507
1426347607584997
1426358960929209
142646502412161
1426525127597198
142658659135093
1426673160949324
1426710604283803
142673812510007
1426757224213881
1426774030871402
142197535883483
1422013471369569
142202495827990
1422033031351278
142228319169664
1422296411370401
1422300844706537
1422309251378228
142235102506644
1422380044684459
142251269170679
1422527748006257
142252849215740
1422607671288188
142267549167890
1422690327959196
142273632629782
1422812037988227
142286265835378
1422891471309403
1423073977956570
1423142661280880
142315069166275
1423202094620034
142324742614931
1423311567889725
142341699159945
1420153108196350
142015959335053
1420216718264935
1420253188189490
1420342731512359
142040922522590
1422988294632433
1421850654731361
1433369680222923
143343775727714
1433470043557778
1433471843559497
1433487346907095
1433600600262039
1433703586908151
1433707133522717
143371975821310
1433777586869726
1433809633522493
1433905366823236
1433959523503386
143399045723186
1434067320186148
1434085910197266
1434185673490441
143424899096091
1434267103493515
1434390033480770
143445125718812
143458272524049
1434584040087968
1434586360146622
1434592533467638
1434602853471512
143464292385931
1434664980084832
1434679946778624
1434709106741371
1434839820098727
143508555857477
1430021530588378
143012072553165
1430323260517522
143035189099788
143036895780801
1430620660521398
1430750193851425
1430783603826049
1430832177168896
143094725754168
1431059150443226
1431069333778557
1431227727119680
143125529091861
1431419177125251
1431442103736684
1431450820445790
1431459293739345
1431589867104829
143160862500366
1431673107069303
143170915770627
1431741047074354
1431741813726661
143177165752043
1431825053732229
1431883260408342
143196819204722
1431990690406216
1427099227537640
1427296037486717
1427357624142765
142736939110450
1427403604179491
1427403817474481
1427468594169408
142751092455388
1427523810859488
1427573000826873
1427657137461677
1427724850831625
1427763564152556
1427878010783492
142790859239477
