178720945643664
459611060831117
279160462196265
509533349066181
535676023111282
384090164948018
480574288652378
256458877805269
319088681544968
127733944089717
179443185403806
232592303606030
305072896230997
802026253203174
511836815577571
275221625913976
820857037925601
188094251354577
315525928582658
542470539128304
120785448004873
268513456515827
172465752859863
397149597007527
279505028826005
125883987589510
406754672746686
445782968861040
196457910493754
422393121107971
171373079647108
408197382560292
435810676479503
190537134311778
1419595661614934
159287604124029
710862058973498
269139436531334
136075119880438
373961406069801
447655688589518
259665867418170
580912701994633
123514317820188
170319089665256
1531590287076911
429468337090890
157395470985923
257726487599714
345601578901223
255619581208588
221659418040051
563757310314070
318109158279193
470581582985661
466832003439319
179380772116310
574331289349609
558605114200547
245810292163965
736345196461915
583412491679466
233609480072476
1376283582606182
423860624339073
526125234106071
409974122395905
422025824513411
527291130662343
168715363142157
514778241867986
259589894116705
302702436446979
167176860012532
1374748232784920
326385437488403
186784001478002
510414759018211
468285463311287
207079189451405
116475661709767
408064445870999
177103272425154
141440856059227
430598243627803
270603269616550
691159670958970
526917104044418
209369422421948
113995951961186
1374275749480522
607903802611176
413437768762521
486904921376302
455316991167206
321906744563684
362276907215934
127580627452393
417389351728764
360323267403586
551555091581950
314317482003872
101511443247059
170714786463711
210749002420714
171382743068230
106786179411125
517598704968806
406870279414626
233347370109811
10150152027475543
509059439112901
497785366962448
1399516766995058
132773859063
400221590067471
138168224719
276501155755947
227996870664126
100125990068610
180765018711815
1470929913178265
756006414463606
271708502954153
248511638619654
485309131481979
523483194393071
177529292264161
121070984570708
483944214963368
31919611764
141222429261732
263311440425448
492231484145609
1415080825445652
149351165242699
727425313990957
362803767148418
104055789650572
1488497891367280
413752298761465
1498291303720226
104689059567440
160037177395558
645183448906294
105047459648322
340388606007878
203301929825049
405385636216072
433457776702141
212939872225927
691228107595652
126413360777133
535541353148021
413839558679579
174243789437251
859800370696731
121888224492019
443519119099082
521669651252412
176269165900839
1483440618534770
236998223168574
192800987421223
207189739465411
207356699444956
258358691017809
151659975045373
292159090961125
1400513000169455
656882087689902
186533094838309
776334539114438
219440818079488
509238975763270
176019779253044
244993798983394
588859124522776
369512369864527
309974655756360
553124334737492
398145383635825
264004677078758
321305137983756
405607786206520
138152406353053
505411339548716
187194361362099
173142879444701
646375945388201
114212611977717
415221731868206
643086825772263
119668114871773
428065193926336
149049375140460
183971824984737
557074174346756
1450250001855476
245679065632240
1436825139870493
169360073101564
409622172454266
274348019356345
106122382768399
282895215092680
198507296872460
548185971892254
353038048163581
382698228479289
1410809469171815
238435506207304
300880126607528
125385077641077
642080379150231
182129128495262
247945158579208
166443340081235
188148521271269
265861083488024
1385177978387476
352447718182323
106184499418212
428386550520280
239692336175905
133389370068305
196428643839892
173077372819411
147853678618068
101873906624106
403306649704620
350224505012080
355497404478266
250598868473384
152345478308421
660030544040149
348964485176759
304474686328571
347854075228248
303385946354126
169899739730948
433868946694741
128477847214005
103603326386562
252839538075936
107937149250861
557967984243799
119983284729500
174859515896257
221207831344591
497206253644912
384392891660291
366872676760214
1488884831324691
364492963633831
400133850112669
140641519328818
486112961419706
605339602860712
135462299984562
1397280160492818
542908975829910
1452066155009708
358532667593829
176463705713096
569053766444862
178047992243510
301414709935114
156461627733940
215493158590117
1403898359893006
446700312095444
356144357818943
232829193496569
125950197564129
309157229225737
156282664532424
445173462252362
658242097589789
178753148820191
347632081966860
209568682503417
204303656260708
388119034584546
208068616016538
397716807036039
481271681949889
455269277847132
193127987393219
509327345837815
516012655145223
134946509869341
516983381661465
202093563251100
236730163125217
122370527791338
633559246673346
1388400654705543
1411401672470645
634930629854467
647924468572245
121451057986066
176347379174415
267189266693007
257739250923243
771665522844998
357123321040573
190435264372045
135143096555945
338500502950707
154760051250499
177773119096878
297808753579890
422504411144588
223949691104911
271671492920697
514271155311303
382912551810330
339797412751061
202432396437919
610067509019334
212317528793142
199495236743797
1543879709204349
240841979669
223387634382115
237620946259871
499576196823108
1444594149131205
528688000502803
171973299601382
478082718916597
124822984249538
180204728851094
178346322230972
629189327098479
220550541296443
563770590346609
388856454549271
1498522430367576
233567733465060
165690243598461
411258242221887
456312521065347
358866414164567
442501702516958
102827973130667
325998114125368
804721046246945
134133843328004
132334366835679
214827951953057
189498924433451
477562728933727
825565384120560
196306027054065
749251015140925
183626261820059
1403174753282910
194797270553574
299297100145076
176478609039771
206614166023474
108711209146958
1375857552664734
195884183787044
524072164374568
450154841738796
881972858479896
146048028921163
895159380498521
187400027944675
265115510293861
144289955636847
516945798352688
291670837653227
202734326432128
116938948368178
185623821627875
169620539835468
169343759936495
771562729529943
404711526213366
218672528302408
540850999267527
474661609243718
191729931034900
279235322218350
272502306163719
204216389666798
150124405060195
330142293771224
224351487670982
139231996174710
158236680911613
634490003287703
216049361860236
623954341024530
606907109418883
195173763894522
314858301881290
463307660418351
241714735993068
404692162880442
105730363381
449333891809157
1407053212854066
327581077424249
1461301544140210
396270470505978
429040853831748
412576688843808
215070521860886
193255477354279
421277534644768
147967785271019
715862508440300
382551775161401
195096363861873
393988760687764
209858389065094
104722699603468
1393235737612498
511527238884705
147651838774094
170433686337581
711583888886162
386020511501955
207438946091805
316849255110417
176970325761174
436335583072172
482927801774811
757131554314939
244504719040292
250265045091078
200952146612348
268261246527787
585483018196083
631256183567798
513479595342757
439883646044781
243834125769357
137410189400
115942315176453
182088341910287
245694505469100
291523010897636
365954480178183
348393415229792
1480971425472808
275149362587587
158273674220159
238741689578441
495550067168555
159344157533168
194671260588
165676723488029
152373651509137
257581281026106
149357505126778
184186878270943
176563169075449
144494392252001
207076049392616
198045326924426
117628565043816
226603810882963
337527266403134
