176348037802
288135941344288
649162105095271
168515853247413
464729320308728
155594867785116
663210347077634
173347302715201
766181756799569
597038030345815
109252142488865
1378072692444172
455961347800797
218124931689865
428025313996736
516366985076779
528691097266366
189499444590629
598796660224289
103705709706994
598587520255618
157057011032388
183243485055991
448313401941319
387295898024814
576644739048562
208904105852762
1561282034088778
618378004851997
595342277179976
306116839473953
545264672168048
168645099849408
1419616561588732
365152236861819
592262910803287
1492008957705777
560407260728082
185578311614939
187643518038862
718314871522621
208733072473070
243216879155892
412607618872299
1389638067930725
559351640816387
142169635851167
252213524811907
156667307861346
218008344912923
350806288403952
751344231550657
307919832569162
645928742139540
277086962455033
342285419117388
332216680125968
1716506698573788
382970201845753
394038770711785
209178275791500
149305255082171
613652195422353
151791134880556
280736305364304
211859965502797
621673697908475
245935455570030
439885312734258
1418491021696103
249652235189154
147563065257975
498631606949264
318993464844420
364730066938357
423908517682288
394742029051
163816373815812
415212418604141
713786528661444
1417525558493082
256729451172382
349802538429108
263383653684077
235682349880103
1417197428515378
418634481566311
642455459198824
447116328643128
143639825816387
287569894633550
100629376697671
135479506595578
143794629116432
358692317518922
597289063692703
195329310503031
116874308465149
329221423931704
389158997775153
594794933908303
569259126418360
485588311531647
252373811573890
171439549696435
410545182349466
132401746899984
134126143448283
518737118182194
211594212213475
554145581285259
461417817305361
160611774128231
141860346000427
1390774971143288
534441939954848
359463417455876
487087191338525
594971857180131
732289830169060
534003713343248
599454026759772
1416480491925851
450999884931592
399020016881571
213622882112424
534317809962662
207069636095132
328516413944953
387941107954235
228767970587050
375445202514042
506629989412331
443909805679917
125125771017679
202384163237755
163862700473671
490320781053423
460290840670765
278318378853920
430870656969418
146768092162487
427481993959700
734363829912610
349463548486282
271140323022464
474439092624567
617716644991547
435917616450604
1402377093326214
885957258087826
377059639107053
116362611774623
679168418760592
176364579205680
131774380235185
355741187859871
255084851312948
856001604428328
360691410797156
544133278978101
1476568669255637
1432735610311627
421663661253487
501866539894215
146210318801667
509299825773055
1512171605672754
205882162862041
221980147827149
481086218581220
161752460628298
323049614426250
398667226894262
494608573903697
1402236049991390
105569149513411
105592159524584
140489262752724
279771308759772
101028899957950
1416498628610012
250266568391765
526637304101167
568951933237293
364564873693345
167927156600373
333576523348402
207224909436979
207026739323405
140715542660724
485553678160428
145130868866428
159229147451569
456858594352164
300873664358
364994930307302
113254665511098
547034518675971
182588051794219
388060817947126
110718208957854
197000703756998
226839157381751
139160799532900
125243967634682
207974349358456
158482154207492
193772320664953
1472864322929480
174412266016169
1510562749170194
490960320919842
192839970920558
199978553428425
252138331600282
480068942080444
306823689333034
862744357122020
770438106360555
150272891766023
629655030380055
373871819353528
306224386179340
209092185968414
213415065372769
416158231822783
227525267283897
323095894464859
169414466535475
424030627695321
160974014038294
521079674569541
619607778130956
423319924351881
128162283925507
220700904608425
321535887840
367923863312849
534164033320479
385727284875097
1384596058447645
258134534269929
204497439746706
389995974415093
379119628862362
1456772814574841
174933055883170
224726914363909
122502674493658
704255979588000
486782104716865
581469361864920
110206475801114
568517416500497
370914922948631
705532282835983
169389609892429
215859735111225
366627683458331
362587167215583
576178702456359
188274627853633
309893742417939
195007530535195
177385005616855
107360392665584
203114383054859
595966063800222
163004810381089
116842701696763
127608973998850
298426543638125
199649813431566
506113789409887
442800779145347
329121193921856
161152737253914
169495343109625
254912527854679
1410838755836096
361167747300959
285575851621639
422401271167063
436353883049182
220336254837690
257846494259366
1428295154092043
325826154221987
657596120920798
426225024080159
180175598813715
154343518037881
410175135692484
576111179130003
264619393721669
384409025003654
412609758881105
143927849004150
359658754176418
135659223152162
155950064503360
434469923305238
518071274941062
173944816073348
198866866932107
287339174804771
697508006929514
247897385401361
481972481879217
286773921452402
524436490940152
275198879159667
303092216437479
226621540752281
162160043995136
436599519813545
424601457680495
253062491398889
10150124424065300
132800521399
404739712885250
201970493151929
1421487601430786
555113077892318
645218732237343
361418807287728
715711665120099
234751909895237
911952525500997
484678338283516
394170913998403
245139312347570
426098614116368
282568531854633
281657791922690
482442858507474
174898719316959
429093130519180
173262656050
188503337959568
1401932226693676
161375514047498
1501435696739513
339117952817145
384815461548041
164392030238099
231624093684197
565865690122825
478118332268699
115573475132554
112561628821674
308997222488471
760569013954615
445044945514891
325243724231100
164733913637240
716120878467138
353619321508413
154282671289462
201414733305554
229548693877185
167807909905128
119447974778367
188796267805321
220825757980768
449937708428988
537503749676772
610096159033060
198015273741259
139140069485598
167821516716590
472684926161068
1424850724450977
192497100880041
287446651421246
734062793297728
541374915952029
369892653075005
219174834924789
1458638174368387
134115023324525
704926392854816
215448868481348
222463771254020
159291067459043
205524442914107
214427245414477
126040567561363
541081285957481
272832402818221
156178974448577
144452695663055
160586273979320
1417169628538384
267124046731447
122111091186025
103999273110004
620446254718857
125932180857181
195329679587
262491026128
133840696638369
391083567678444
97763195115
345496602275296
189747150816
167276219991015
141888976092
200983129933250
185043058723
192780847541437
1436405119974774
154914637910447
577206598990419
185866691490760
1375076599408120
161041119050
241025815994754
607385436024620
451439291541689
538266996201036
217200755044873
295147043993371
1471408019785679
663917733654251
451326875011324
276308365802365
577863865584798
224121227784409
443785339029973
588026301240207
131403666909802
502698009820331
322396684437038
224414310905718
536121736398161
495736963806975
373956722693537
411819658937249
455040784584082
462959763774842
690157647743343
210716192367254
316175728450519
515316685192948
395859567139453
1432691953656177
123437587845184
278816918808736
1430069333872011
217986821735396
1493187460912357
429953330434575
628218767201064
196083433792662
381979168545642
446775735404174
138152489555524
392044837535593
372309182799008
1533481836907970
147576665401814
508101219282225
1408132746084334
101472670047210
606501096131150
419557728199258
279818088770786
195020807186919
168234473223981
116460545063328
340695449409819
200786646599046
351379131649272
157503597615701
304734729644235
125510882375
217995191628446
309860572458001
399673713436660
584846244873918
393800000703546
205480232952085
296197280445552
265287596927936
386146638118476
486720224715867
144313662296679
1377761309126246
526784847380042
183740638324711
114784882025364
364008237044921
532820946755164
536094616411191
509836485751558
131330303633300
550416581647507
188792751290162
139658302727371
142978885734012
148162798618691
105311719629554
152978191561925
132705063547996
513352622019202
225479927613627
389527337889908
220415091458221
213914428774708
392220144232539
1405773142970531
307419322711542
311133162388604
725319624148137
146791145341159
717517108268100
1374784446127761
365214363578134
245883025739
1455818788018805
218872541617340
192830364070518
154128261336983
769386859738098
1374548259425384
296648610440213
124254754424000
404546722980983
522891344497961
474974699264996
183906545104708
178000702235167
600865306656463
329026153925138
487853614561945
534306299933954
267675503370282
311559568915769
165167436924874
270351646414444
160500697345614
375885792554486
754082537937463
429684300419543
368285186539646
535693499781163
431693633555142
542916125756328
380399465347343
535355619858536
103513566521210
492619287486812
102754639800751
102777519811169
102792386492642
102837333127436
1028540127171973
102864386571741
1028786333813488
102897329823864
102903423133885
102911166454470
102913449814600
1029389373744712
132355483457796
477787885649230
103004419787406
103031599747114
103081599771304
103082326440773
103100709875654
103134756437810
103142583129539
103146846507501
103168759744326
103172926435570
461241440601866
247121035423350
404081576325745
325492770921831
406451069453817
135615939836014
199601850157178
353041561397836
1403266479960705
1554300204806071
494055423937925
275155869280278
102034053220111
102039139910919
102047096591090
102132516600417
102159959901260
102184546540536
102212493200267
102237326525689
102284266648141
102296033220412
102306899852926
102366899969264
102376549899866
102396213180563
102409623252452
102472039839291
102487019833698
102536766508688
102586546501184
102597036490738
102612633228195
102619556535227
102642936497628
102645039908219
100592310073343
100635013351090
100662863354090
100688280076651
100787796681146
100803540008667
1425123264420246
100850413350054
100873140076274
100879286706250
100945836653590
125715797616109
421834414580996
310161855779321
366667026810314
418247788272698
173969026048291
101064973324491
101083569978150
101127149943186
183218828389758
623131311082326
183518315037953
371204929685256
656671291079619
245254968965220
657476994321632
176264475863833
660172847363705
726741690704687
1421444318113327
314794421972249
126883167520633
147508218646873
168520960010277
106101179474263
321506464691319
606565059447377
555137037903003
673870922645771
240111069475109
188139297888630
126404170887982
117109755144899
346540425431917
1437033929893912
863749093636833
551893831571971
436770129776666
711929672173197
601040403260637
506388009445443
579636285398110
176833502493552
468225439933428
181251232074362
166875300604
1581316295428388
1754999298059463
428528720589355
152328964928146
244363405721629
582133661881711
482857395117672
351071481663774
702585513147758
244127762281406
110761522425712
274786229299273
488931707840298
205999036173501
181529045291469
767729256577282
310829739077290
1463699460585207
112359238844911
223043171194839
149997028536851
509062129161873
681920825203284
876601119033342
230151473827274
1419206121663753
1455243801369662
175244969341770
510355752350243
388157037922154
171998552852578
445448322199907
614560971895888
150515438425861
135303793162953
1398976393684887
522227854543658
656613314401937
239569966232291
152204634833920
431688933601479
174726912724145
173827409448738
743651909002390
122784521132120
293174814131810
363499163720145
586631948040482
100114256736628
100163190092481
100174433486225
330706783616208
452876681394728
100206976739396
100214233468882
1002904066393437
100321796719647
100335633392631
100343926680113
100382963485429
100391736762538
319187274903262
100416353462272
100433000031935
100466910038561
100493900035844
100508586761522
100519240077361
100538713382581
101204016636950
101253223299037
101261049977182
101399606605070
101454296662913
101588513303637
101601579927911
101615279944228
101623503258181
101689909903646
1017488534932620
101762049896348
101861169869501
101895446559819
101940219924583
103602779707944
103607463127508
103635893174586
103638853056613
103656346386416
103661946377761
103688596375805
103698159707398
103699703041430
103704839706929
103710383040277
103712533039307
103719446373160
103722066371566
103746779702873
103750269703255
103319016441445
103366979748465
103490026427719
103508993110663
103523223064032
103213173142546
103245726452659
103258203132923
103259816473504
103273946470059
103283436462093
103287026418353
103206536409681
103836336368758
103850576478160
103922473019777
103999289686938
362702003821341
104010753037770
104027089725222
104070293010643
104091046361315
104116446340935
1041343355891931
104140383000700
104147453008485
104241896422854
104244159621864
104256506315113
104284073008691
104327936365921
104329633088925
104363502984615
104479259636348
104506506320003
104522613024788
104558569591319
104630432946234
104632493002009
104642359629323
104667962942501
104696126273922
104697966272737
104709879617796
104725726270022
104727223040523
104730636320217
104742992935489
104771506265749
104775922932038
103766179701261
103777259699809
103757156368987
104414929593107
105994989511892
473112209477173
360926127340293
106095022706
106120742846139
106131019422317
106139239477006
106150309590789
106176182872918
106196182835259
105356836304779
105384986236685
105388219545461
105524802820592
105550709561993
105565032800086
105583546203293
105760736158519
105765459497883
105787796175149
105794999522927
105797699494864
105801882923476
105811722827203
105868486158609
105869426194693
105945372760194
105957306163449
105653872864533
105667989528955
105676469546542
105711479503717
105725176169304
104788756264031
104791389596564
104803589596376
104815212928469
104852662923656
104873702950873
104985719664501
1442636255954227
105023842969779
105070909576866
105080209571730
105170349568784
105179742894549
105210249510881
105248506235620
106302829435274
106321202808662
106418932870378
106449009394195
106473516100908
106582632753749
106583962754298
106627292749561
106630802706452
106637809419806
106641512810502
106654786080104
106683149418825
107454785957938
107467016001663
107611022608438
107640315959416
106985262727865
107066566122615
107089702778679
107137399371071
107175029362621
107246955980264
107257939460519
107333686031743
107335032695007
107769149410222
107798865953760
107817599346135
107842705964975
107851869322050
106721722691110
106762332755089
106766716070537
106798939403171
106800592737634
106801989519548
106864832776299
106895856073569
106910979367383
106929906055866
106934772769404
106953382701009
106978319395752
106233919442064
106236529470916
107895649304568
107914439268379
107993885954146
108016605945148
108044862612494
108068229273308
108269116010020
108273562583506
108290579211192
108321905914300
108387029228085
108439985982934
108442122613615
108460135902665
108507769284562
108522542587580
108534475895600
108542899207204
108559909259135
108588079308601
108588492574603
108619965896768
108622866004343
108633025986245
108681872485077
108718705882028
108157246046110
108167135941996
108219969246456
108233239239982
108746725983160
108760665872799
109518222483262
109561232408983
109616405782538
109619619139656
109250095896971
109251542454284
109318292436967
109358332498656
109368649147648
109386899160890
109650309080237
109660695794385
109677555779705
109683439111359
109700775778148
109724409178651
109735839196699
109747545764610
109750425772846
109760319136387
109793305800367
109794735897059
109848725761835
109863182543979
109875882409733
109909702512726
108827595873433
108841245836507
108916865859506
108946939143802
109096942473831
109108149179614
109125305832169
109979552437850
110026829042554
109426612472470
109200045866410
110074355748290
110112195781799
110117592423195
110130119012131
110165782400118
110170385692297
110171085728739
110174349076952
110248889062614
110255962478501
110270749133809
110297429063518
