156828974368735
126419897486935
539888536038277
396742883789081
515441515196591
584531138275409
415798261871861
310717535673534
417142291760216
152549551609012
518745024897882
691156210899216
454116031330993
306827582752877
1385438885034008
181294955220951
299962506813667
336745869679501
923935354299913
260221117390966
1420426411502257
199635890071442
260531217366264
181381005234972
453883214641293
100606666738677
663528077003135
1415450258680188
206416062743265
264351993637338
137283372971975
151318728374608
184812861585814
145964352084382
197655520309321
512199838847396
299931766744570
169746519749072
333608846782678
586775278032796
293046117390469
190672441066926
593536384066146
347171905449949
150021638462455
127466914102265
432876666819402
314755841938478
940395089327191
197679103633056
252246994975950
570094756406366
598994640170918
139996659408691
124108727660057
357679110995466
376278069161795
648510691842941
412102742188469
302261909905495
214187525268538
182767955222316
231306436950377
656337054392438
368815233245114
640644305969419
507083039312735
210156682362406
136506846542873
444764185604964
171944699561868
1497947823750650
278158385566831
406956269336042
1488135018120500
151777124835391
238517729658172
481547608581913
486180341450618
234927740051629
209178812450359
450666378329287
367699116671596
468276159884053
172991526208495
1448987432009312
252790561525375
186881564700214
330249703777026
554227677985145
275450725970680
462940877052010
673967049323576
395506827176469
509562442438103
192382287488635
139062292948257
91781091846
109853103635
143705165768186
538945132832794
254118908085588
126915407428059
1409779652579306
1514824965396753
110160342396232
484030048368496
543327099046749
361049383995506
176933872446561
197986056988476
569205659790912
192582980795228
507394666022710
205881876118533
1404248453125096
523755841013771
157265371031205
174065009340200
576559732366235
244378429085417
449214891865774
259292007522928
146176488793828
286803364785234
876667005678122
254708727891021
326266334194034
520057454707000
257078224414942
180712172016535
468763973134763
271043669681866
312359192225350
545643708832350
423651981071988
274130809329243
437411292984975
210571015757906
237586016273362
140451446152350
317743455024165
403453049727291
201786353286110
389974661075238
159298277460725
236937006453977
136723379811664
1374389789444291
289923414481068
270867746408328
255025714600047
145824345497121
292875847480584
568076573239072
1439630122970255
745377128817728
521488504529670
171611876312731
371108923003409
483340371759681
506251046113632
572248329517314
179558668910376
110832649085379
706116196081602
443862868959267
170062743027259
551692348291869
544497338972876
498306763580849
513702262019658
1402146373334203
690996664283532
166194186897930
157634981063065
235977179926316
381835781861010
128708120641551
541056935952369
395712330533445
312940232143845
115866368564374
503363389701922
119631084867079
459466584097556
204534792985213
443784695704871
577903262229039
264938457046521
549170078489889
652237791522491
126401190845498
128461417326253
254130114727215
306928749475614
119143401510166
349257488494247
160118964165823
178806532250304
1537741923108808
430798613685454
428303607212607
226709247509736
254868791215162
615996408469718
175845015872549
164927786913896
189071224502863
259536460901841
1511339225749158
334537636680888
139494456226016
184970958217997
696454353758892
236245093180331
396300097136795
561740477261006
1473237796232720
123454334469478
301117233365318
317957815024711
242759849200126
1423455231264358
370814183002663
410616305698728
378820598887318
567041343329022
200109746751754
212412642208422
315044045215298
615729871820784
364354693633562
578765852160572
228286770645885
800375883335973
263296590474947
395273823888755
370291556409071
394181194021565
512091662159027
137740216341079
401913366557620
128495160628960
468751579841322
155399441317298
634348409962576
173299696182623
512487415481250
184983528216941
437511186292836
402408453162399
314519208635269
456438844366993
516329941717554
130415263693274
171898346184733
100860886668027
172065839607961
112807938758915
253030688225929
289597397774480
427738360688041
443353535748199
381765125277115
147908345369237
341442492580986
768657009813435
220105351351464
751048054948139
260044034119186
112761468914746
255228177979344
233318853392566
408364615968149
178833135588060
183159965064057
193845600812746
333936763314818
182748541919130
415751495183823
169821089739622
143390412414646
1514752082082314
226600930868851
334581907172
180165388689411
374104465996514
761800667167655
482911625075265
199015440253042
394244627353351
524416530912831
199637096841995
519400208137587
298148420203168
351886128199269
364965250283930
274975562603772
151204411561907
297921923678055
444652478923576
272176399587979
317012818434439
203334953178843
1407229619512228
148029198672513
327634643995618
226615697471345
899065520119909
363446712135
1381390615443840
399145546802040
338073779682374
136104296486184
1445907212345987
613313512070961
172330259484444
130270210349681
454727581271688
145138558846981
148268718665758
115484868475352
1383568498538352
542918699158616
262902827085687
127626464074688
165773147652
369756066472687
544199595609371
365542710165953
105551206613
10150123614660402
671557016226086
454718090136
124161137611942
507559519363306
786338564711472
425628027564273
260058014074621
148354505225785
194157130634704
693678580647088
222294377821719
163227107045187
741664339181667
429793953800738
184293901724860
111796378896448
352020281541037
396679953748769
153717394736902
644541742224269
384990141627686
152501784824778
180216438714224
630278227023109
794008274000241
213581665451421
212528178872265
534373643329461
250573715091881
325650897504621
683875691696981
753946957963709
474708079240881
599275873456385
246838725441040
756874877729140
254894627989817
298783703650668
1461157490770288
613008585403333
264391730273370
402207176518398
1419572024971710
1558608677688570
192417644117373
362984180461928
196703140352280
554692877949280
580564672045678
633366706767153
147159275343719
615543755172209
539193019500490
323020877811562
353855388127031
497929806901371
152906661491392
1527255474176897
351452944968450
328786667294438
517814478317285
449781428417498
886051208089081
500264833326110
214124385279212
444345788977600
154406618069864
1408265619406979
158787227637517
537266009671801
624704394302966
209015702462952
482061148475961
157922450929935
310531635748423
125457944282938
367875386652962
363028860385206
616608825042796
364335363669156
160041977410210
248774201933323
153105454701697
519654411458599
147704118643621
391582577520395
316150671817598
151392294476
195295343820968
127871729869
610678262351549
255852394594242
161141797276255
420829367980914
424683744324454
1443274979250983
598666256898508
166279156731359
650187768433769
137872772899851
159086914287168
208136442679219
175291719232624
309878172365743
135752109855384
250144781805283
444688012255221
183594831839572
282739198498728
169393963073492
138725626328861
221534247906133
168311536558024
464077150316652
212313965449079
157764494271898
1382934928631389
701666029888098
223104521035046
136084949907838
183984411634630
1420807224803239
205818252850202
341782865928566
263515160390255
195371340643595
329019587116604
454821867901523
195798260605886
203041643238622
358121617592990
109364855903435
235352999996720
288460924566893
466309976800794
156465554420435
358387380860929
538849966184498
230338253828770
130088077180432
311124792279634
155517534631027
202253803269468
326339034124685
164080866987483
278704845512658
379961018763093
144599215602127
154615591407808
1396930693853441
1452012301697326
280277835356498
255910107891324
402196663240523
152811774928602
445973302151256
452561851539016
413659485400717
1482612858618130
752464004780498
102907496473759
164720423618904
560088850697645
332828673449404
1480112232208632
1444625132459369
145925778890529
156812034517753
185099318205131
121549084538814
260111810839282
1422822431264964
1421596954740777
116863995036067
546942742040697
150308761786188
248890198480648
539880772739133
582293498451915
218995248194019
215943245241070
157049844381305
143810329018795
207046375994974
132662436493
387118741345226
349033115186729
214323462024640
111645008859257
362460030502081
136154049916712
1424256007806832
147020415311178
1538818176371734
130264817022726
575612912482899
101355186677755
317942921612029
345126168949435
385632214883584
475270549228916
350512441706161
505458466203082
557287077642181
489213651149847
396757887079251
206651469482076
761401307210985
664732413553675
1441955959422954
454577434574327
1527917804087891
303690616413123
101601893301288
754012347960270
430247217107507
423416601040635
223057311038173
808073435920815
209618149242762
104267932946980
247553125391882
603618723056945
314425668635940
1494786660747441
308660849201788
358368470929548
276995199153637
624221797605805
359806014121506
419012861527596
431615976932840
545661512143491
295599247135220
362308497196667
219161471222
582093691936648
186138218073071
174212966048267
1384733815101380
149306827907
147702545329073
279307848767640
360852817380638
274833219194144
235065516543333
187018501338086
265136200287380
427842863964353
251825158316810
344168555673398
163818137075143
541752062569890
1405230219692180
309435059105504
1458029277812901
141157005924053
425268604186427
219004544866689
586606141350506
207147659341103
999714736725223
115447141937627
225549190971924
127130097458367
812253065452397
352682598117450
456544357712634
561410897240350
383255415109567
128805800532067
615978291781960
575534699168391
101724796624101
136825406368484
1488179734784517
423154864491527
435845916484188
292019830831905
476812765716353
132900817869
440143312773231
413186752114206
143228069031160
374219719353926
272942386162661
567431509967061
156853844513130
727982900564893
635612176471453
320652527946346
686279944748516
164376727094909
106663212772309
120079261368932
683632331720936
273909852664384
148778768484292
593410030776156
675965032417869
194202117320676
633572436672550
243950135749360
519086061535249
213734452051984
1609108172646711
527417844016869
204800939607305
203072219703414
1404908856393949
268989916480087
704927329553149
438122709632185
145770615626087
148520985358249
333427183338768
166512886746737
1484680691788165
153989664621033
134805453276549
875990422457795
459628710737193
209661199062239
339870672725073
204849486194546
126305024199441
210299519130539
374860405912101
192741232365
323528037718632
219831491264
169813426480338
526927560683321
712859812061732
201051769925551
534175083334507
262053350580506
137483419658618
548763541888839
168157183241230
187180104692491
742869985725454
188879101319834
1501596356733174
572895662726801
392825090822576
193907613980660
106793872736433
278999652277576
290322634333851
209842152373524
648219335201536
440694596012148
476781022393281
145534345524290
248663505324001
1483138665232827
610460875652419
613236845398844
480572155352846
1416873711896693
250650115037134
214642265345875
116488981886289
196238070409705
121242571275
354868847980866
239983199375928
286817011520311
237656376397785
199015490175225
163124273868649
394825937261761
137871442891024
336052473123542
293399264058142
1393525997526071
224283854399955
232189016855043
166026550258586
868756303140244
130821663682795
506574756061302
166671083343738
305381226139116
616047711874532
606651549424878
1399829360240999
335049853200613
1423104167950695
191702400842679
252249484825793
383868405022820
135724666444820
132862773537920
110480742333881
189326334591480
103756159701434
423715661094298
139974006078399
196986680321270
177808149093286
523319121025375
227117110683032
615892545144625
306659812800877
365568636868775
125002707584708
177121242365949
540038992685314
151331415044040
520985054651074
469291729811390
137865976280212
487720887976556
281609805239223
312859948776379
460923020658838
277073285638097
225321287625313
555646051237523
155603057808073
178744205476715
254647737995843
1546463938912800
1397221257179366
542064955883499
202988459804615
648753271856107
216763631836742
452103901548080
415073951864285
372469526154957
423096931122094
371113506278505
383506198437993
163936940474199
357467927627628
145631942142755
255994884563099
186110238094728
164263967110973
323161347794761
300120976762471
149282608456349
476665519088417
359258927475036
233310233515114
189395631076459
326316077495699
613234922072570
498409543565132
197832560257342
288411698006661
371001582972367
415628395196937
360321927331392
304340213065879
625274864202339
197418826954951
231436693634750
628742003843305
221792694669380
241372222584932
393667377385919
625583700811933
114267948665511
161964433858731
143309982540449
698413903518930
129384133742504
169748316565112
599667803420455
136044389395
552027211532921
583388545057426
585497104808317
632643680152072
208910949236906
171535946308809
119242921600936
179006598862573
493050807414483
529939307150173
538320322857009
296676500477281
369094649872645
186638104716852
512849228754895
163310753709395
214732461965696
328607680588185
1435608120024493
1553395474871813
292594774281469
252346078169804
328715243916359
383040041806781
320284691457904
413693065339230
450252315019347
200876556673438
177439272342079
403264223129976
143856595684367
340414926085749
138571269676212
111900438986948
441515732596159
181624255213007
1450202198533447
366661093420174
160679714120169
126438160868724
527350140669144
465587433521343
166732556706721
161082900612760
207226552681474
336708853047706
197974970355341
535852786492246
190743897638975
545096378934107
127209203963660
269454526502449
115867838611282
265642466919043
710363995657350
671734516217937
1411543415759705
438421939521585
119806251377692
259426107470236
125761117557733
121549031189337
432337216880480
585984394800077
308419442632795
461994497270480
186252071450240
264548073570041
282599538527192
409097919247585
161836077296208
126335177377947
329271293781299
315325415168103
119540304727449
357243317638156
248408318605212
808809295857216
557556977657198
130205850502150
1378882005676901
316066975209554
230051377161962
149438198562825
274982045954283
336469506444750
514067708674261
540288576057607
49717296364
453240258084595
260516003989099
182292645218558
289681227862976
471909366212560
259284994120630
141776955938027
284701494887491
278746408811351
1376055422633942
596612697070376
360558244043606
120289204743389
190649114321428
721440231201030
1469534396662195
123082847747496
187734954697833
196663033708708
323714231084167
266220323515290
214385828720756
141158442578308
1428606974094849
223861004489812
155170664680457
300932886723868
225913344186614
288830561226751
616287315086728
182859268460274
564150410338345
1478462372388969
134957300046617
521281907995304
102856663165536
619594668074602
210621475804740
246847908822190
156989184410
214281151931355
215441781812212
209789605350
435507993208830
474305665986905
181253375252942
572990029439210
180753748753585
1604026773152919
130381860390343
438918696211797
1384872551735342
596386100397392
714892868558450
170361379808736
140554219345630
382250895224070
527165147347861
656100317735306
174141162766749
205077679511077
444752035604862
217071261703780
681617925214158
361812073911663
516071725135135
485197208159178
236732733138369
484821428241381
341231309280882
188248697860914
254889458007649
711643982192959
297601650359285
245094905684423
384743181694545
214520948590963
285523401465708
169632643165723
643269502393615
1555090614737065
237915309725489
140671482677474
178997665626805
252975724911222
1496761527241474
301452766552188
156449487743351
414214655317201
154475104617790
804084589606785
304130459621797
1469398536627332
412383505540006
138295984155
341309679229196
814030085288992
117315825032700
600106423386624
209019065805697
242176882469594
535226016562784
743439442365335
1514903128726189
