644150729011016
210051602362966
264632383681750
362732977137625
363318743718895
381088911972685
1447164848846657
384151941670435
157626914402975
130713217094876
119643491572432
1543269835928887
358460390889064
473967389303879
611431138913296
448672578489091
257951274265151
172057122917203
453694954736298
351950714894111
1241914815948264
599658036714449
740662795981060
1387662738139645
551233438291279
366721583435357
130876530315020
100285256703645
386567194732545
547937388621499
443284679027639
141535165921492
503300506397877
266846606734837
169665783216075
673291216081317
295282103870790
503986126328672
449654731781829
600272376696966
422408247811945
164183313742754
381053668646924
1416737421911226
516433651816003
412472448816503
455285487837038
217061701772762
280625885382176
142611269271188
328963140525391
144502629011538
457423957665407
661225727242181
100351790056131
477091469046151
484395991594796
133233220217342
217343815130745
159955720688240
326481734176858
366433340126221
402884649730470
201463536651051
187606191388989
542718799125689
1448887955344397
150016991859204
122490067896623
1379569705603526
225870130844818
316549421885228
195001633920683
187710304734135
149742515211813
492648330759139
632125593511720
1422485894671817
121769471222927
366005760180955
222397634440728
266362333416683
496544900378521
122790387911773
154348804744976
380385288711274
561177487235506
503549769713384
129393683773121
232307776825587
1420217241553931
274552912684471
513732045317236
133563246837807
186384701533155
153719484685951
597345196966076
542905435822967
172727593248
322591394532833
944580412224707
566539393424968
1587729258117056
105930906095558
107163002788229
148639821864135
444397875715451
443417215747048
1410794659138366
703140309703548
486650668084739
154373781262031
397502377031200
367351286687822
1395586570665102
304893546359770
119671984803548
168925446616634
283704191738570
476847385671301
107583225968084
159561387523979
129065407108721
170273319679556
1419237508295766
199251326906352
696519847041221
284678354967658
1424744287751218
234677943313920
170950776447125
382676701785151
801455129864640
392662530907200
1471075723111643
321750354567430
372830796151505
251547178308100
104149419623073
55749014009
412691282132702
469156529768936
415751715221497
495229007190997
182128205178399
447273548693005
448249771973714
570566816363065
371786912941984
440101519379588
494659327224469
338968349530932
247667081989267
668116319872217
275724169215814
602641943079545
100516796819856
276936225844250
549461068477111
144008125737782
490069774433732
215040661914214
532079420161841
210393805810334
301787186619444
1427885877453690
671964292878288
1479838472253510
301073490032410
1419219058362256
459258714129188
618193431550077
184042438382717
207178999492397
317336065052871
182956325078983
540382082691719
1420935581455065
231844300188472
