242016399264861
281065411995836
109194849240401
252774288123199
121625641229303
441212359300955
1408745412674628
128145850680727
243077749104586
428534817166623
449099715159381
231699470333231
457972017580788
196241550444788
119263251565437
355157331236276
121022248068291
262532580522930
128575919158
535734143171447
133549600138756
223247627742697
201896053179996
507055239374638
209721715711042
621257347888603
510992982319367
237634506423157
204966756183556
713941045305246
136587573104088
1384892271755349
372151376147577
185191404870093
184721398352385
169151219900203
491495280871897
126605087416264
283402061778099
1576239029280447
436693176458892
391466190938867
145473375629940
175306595840262
114987945323595
276582649157510
139214146146636
201361096551863
227252020814900
135927546565035
147514775439308
680448278699805
634583393237820
299358630215649
568753323144453
337590183012270
284041555071318
1443713255862783
590367691011130
131687276884802
203151776365149
100144000067156
130297770377726
367441786731143
510960498977359
469437423166405
220389641472974
414963345240402
357984637671221
245872252239455
154535697913256
533140883441395
167637836620521
366108080144030
336045906477950
353935691315180
219756554839183
475972165803590
193265590684759
175809052513508
458316197542498
199940206721042
183141791775919
175406489270975
1425920834364207
408248169186562
454322077992974
153049924766791
268199293324933
243040415749114
620200494673040
286743121358214
153842314759456
218670081620412
344541032391784
206063596164544
679352182132785
491699457545219
161938523926174
590177724358275
145863415567233
931778666851743
106639192773560
453192881392978
523746120985090
614568161906199
197712803696147
635178549859797
161832790608364
456076801107014
315768325185836
450438111656060
521272034558220
340432916063586
176739155825779
173494942813747
176245952446482
564625073632513
236249113245164
1387136634848851
514585888627028
748872178484959
179152448879884
111004355670075
302420753118790
538484992856709
592262690870459
198222936006
535586933203486
584392884936686
1462371633979470
192370400916118
173558862809104
135612483310939
435342089919925
123984004337402
140136396058527
181695295325396
336505493080805
156141367847892
170140436480543
427360743953023
565710103447436
261957262201
627717443913492
135111856622836
184125724998625
430321963677720
1413341642261671
184789304911439
663796743633712
1448979631987729
910604342296639
1411729699068953
470697416279792
407165202715876
290579297712153
172510599027
186020758115399
1413067245591353
489716107706521
188196111262932
295854173769294
468216069946589
363993277020412
146206835452448
297270487019
150706848324414
644569305561186
225102474276739
218985184941191
646835615373634
165834966902007
416164695097264
131538563612818
181264425388891
505479609569965
618818191519691
171989352824937
190013984408200
177160259036705
174886492593087
143595409030330
327040830719857
1448478202055135
629233813788373
308301735885704
295836463811822
101159899976154
833264966724556
122211617863394
388421547935824
402584989859019
470518073042834
426971135439
510109175711191
164981623570124
135639326608431
105997836232372
106512622763282
372171632826831
137197573014632
597944833553270
313466818795796
246568458730699
270977819620922
149867678526671
577533148956190
181498085460
234978673247899
366691586838252
109429602416661
372923799407724
243847992418875
464519130288261
334594413236681
181191225283098
535072236552536
261567157301826
288214494610958
116302589724
193800670804858
226071274191316
1402848979970063
112935832087177
209816065727264
393547993996676
484921261519795
126278507425404
419418974792953
159432514200277
271568816203261
232486603463436
753382478014426
310281659052961
484750214892487
483128105100362
1418767041677569
503033599749382
462807430469464
182259928639971
532375883483290
1484774578410979
846362965419967
387296168083609
740935609250201
181523235356761
610464138993415
117900314984123
571043089584093
127722643911290
210180889152788
264918556955793
689145217771703
301555743329705
1443420105912121
491642014261349
137513163019104
246120905532449
212672468863349
143650898983437
210892625589051
231586767020205
166382316760867
587885637965195
556580311087136
235923393243197
196243037088869
140515212701776
558417267518596
157215327679418
116714741738149
429985663733615
140074149421767
542123782492164
186453994706840
559336674083758
217414451609942
115655858546235
260684410608506
129455350437534
171598899549653
162986570452769
184292338262105
313947215378335
186431754707778
