236218776556179
236323739716655
236333206474307
236350956458157
236361529901474
236385819732265
237292169623933
237306329752879
237325636316662
237334746452671
237337166328968
237350239638098
237400729694758
237429886409533
237439066439378
237456456420536
237483669783136
237489026389868
237527139670603
237561366450842
237607046438379
237632589722707
237653899710975
237733869628642
237786606364694
236875666472663
236886646505343
236915599701376
236967719793926
237000383162150
237000489739842
237002632985228
237038706323716
237068386373412
237072256483499
237163779753515
237183182975870
237196242968488
237255189645308
236466633175131
236481349812606
236518969729538
236547433210124
236593293060701
236608156385893
236621809699497
236634106360705
236653366497566
236676966481415
236684586489865
236708873171340
236736116438554
236840173172793
235650463265294
235690139947006
236410803096950
236412119746642
238459876351275
239935249498386
239956879442940
239958099356196
212689322242753
1463720843839793
585491678184692
240012812813638
240035446203976
240057026040770
240096176087388
240205756124346
240249389340946
240256636142550
240266209345117
240277206002070
240304416099567
240329476126938
240330366054000
240334386012418
240393202826463
240505592806129
240560212704598
240579896012789
240616736061849
240643542668566
240667149325445
240683022647858
240731419379418
240738269423916
240762009464800
240771652646361
240771966120999
240780466119195
240955565971082
316764905154332
241135369295303
241139525930051
241144652619310
241214075907429
241317629337525
241348605935915
241442169372423
241578352699352
241616446042248
241629252551930
241712069191366
241740139183135
241768809304811
241799369165007
241810459175904
241820682520986
232105660238016
239023966229917
239036102840751
239133162775945
239153369577545
239191786110758
239210529457963
239225569514069
239232379428322
239262092790570
239278959434868
239301296258660
239342992908482
239378842832288
239424479455643
239438446219512
239482146080557
239511382870095
239562022769883
239564049529260
239585066101205
239594126109818
239607409396339
239611476090078
239666119384679
239688006065084
239688769536140
239694426199098
239705322856874
239722719417128
239759152750948
239808312790260
239833739404982
239834852890320
239849582804435
239897129504952
239907812791594
238537182833451
238553106155659
238604762841048
238614153011374
238646392926978
238683139503572
238730622997145
238782482823350
238806736244401
240815866108759
240829289276443
240832129276252
240896689334520
241852115882446
241882959244123
241911979160530
241949822580451
241831685922590
241842839306506
398615460196676
243046825719959
243080215775202
243094715780829
243121595720883
243131812375630
243150672388882
243152045777390
243155752402133
243186255847921
243209612474085
243233332542683
243298115681026
243319145772200
243324082446070
243388025697287
243458219022930
243503969012900
243541732364033
243561275705333
243578722353484
243646735655717
243693912494236
243706755765969
243757769097131
243768758994113
243811379039667
243828005801108
243875869102697
243886242355829
243905815805878
243906462375319
243915022408452
243945265627184
243957692361717
244073802364036
244109415750819
244133892271890
244164945790145
244205585644782
244210662303050
244272085727035
244316562372984
244328545755813
244370828922670
244372985734902
244388718933014
244390745644513
244402552378294
244423608911766
244446542424876
244456719055726
244472955641171
244509112361167
244563865686935
244601605747349
244615012250834
244640465596857
244652692357738
244668878987851
244669652406578
244669725578914
244714999058901
244726955550642
244742578964685
244745282389373
244778382286419
244784672207674
244835888890797
244850925708128
244921725597127
241963612502484
241993669180394
242013952547139
242112979297777
242146619187064
242156179155315
242197145966387
242327615857140
242342979222774
242376459280230
242429169123603
242452349284752
242586615941190
242604059160845
242639869119217
242684342555152
242735255755758
141004122626720
242827755735818
242861232405861
242906525857071
242929229062456
242944439234365
242958309136086
245039735525902
152068178286257
243988082314339
265047026855110
265077733502842
265081616857708
265087190306368
265119576839956
265173096997309
265182570192258
265204746938225
265219940327498
265265470178917
265322726935960
265329086871556
265329236936427
265425770213707
265456853465318
265505663499710
265515826796841
265578256857320
265599436812488
265620093483158
265680206937613
265697406956226
265712813535874
265804363462374
263913037060557
263913807137665
263923786986925
263944966983759
263967130381859
263986880453551
264078630454460
264111343619283
264139730347065
264163876937590
264182100370783
264198723604537
264214053779326
264234913622951
264269576972722
264271916950300
264289470363449
264318513775543
264366706918679
264367887035037
264396247066366
264404996925223
264415217095133
264446456905456
264453923640367
264477623724767
264486730318713
264539556999108
264608027058382
264628590246190
264666036888112
264757133669105
264764585835
264842300221926
264853803649290
264862116867878
264875983647266
264882486875798
264892680205135
264913317048272
264918053554439
264991993532850
265002763704134
265015333655198
263493620420186
263559170338907
263575440343449
263732297083110
263762413799657
263776417101536
263777077079918
263779010406201
263809537137691
265866696869252
265928693601107
265963046830117
266017380247618
266017863420887
266124673441551
266138343423344
266201843571527
266210496860265
266213093503674
263475123736916
266297490244572
266325276889091
266332733526040
266341970062364
266504576751741
266562703372563
266735373475368
266838016845431
266846006730210
266892909998434
266903670129594
266948826829908
267033756793787
267054593331395
267060220145807
267063846647149
267083686826202
267101973471794
267601176784083
267617676592420
267628936598933
267704893260235
267719636708851
267822673260780
267825436658249
267926976586427
267965359955880
267972056684883
542211909165942
1432544900292274
268003030047047
268078366571179
268092836702505
268130616548249
268134409963953
268151033353620
268169623209511
268174436676104
268180753202396
268250146527807
268267023184075
268281830007910
268328036511014
268461669969283
268462543333112
268470556565567
268500586626474
268559206614126
268575273328843
268621573303077
268636759851222
268640039937212
268663019980846
268669999836612
268672169839936
268706376641493
268744576484477
268784099820867
268804179809969
268846816534847
267260713395300
267299966670043
267333730102527
267374356634990
267387936636209
267415863303647
267456850031791
267468323373507
267492243424809
267496326685643
267529886757498
267534186615426
267560270119423
268913506453260
268945033116403
267127066658374
267132116807875
268962449788963
268993706453394
269016266611584
269017006564447
269027466590527
269109433100170
269110766625220
269118063211291
269178686456179
269181923204127
269200756492925
269205713188554
269217519804171
269278496423571
269280603099867
269285933181843
269300116434637
269309939943062
269319789904227
269326466580158
269339009888836
269365429784765
269404766540579
269415443098992
269458819890236
269545326570462
269550719883826
269561439873353
269573709810425
269658189904661
269764129767835
269770536400438
270974369723344
270981089718017
271001332951572
271028986402902
271029793100598
271109852952158
271120533059013
271167872939813
271191433084520
271293192909870
271308009668460
271358792934405
271379313025715
271410119657431
271414499677783
271439986216599
271457913006298
271529876360822
271542909580514
271559656224824
271607399539367
271652389642307
271657222974207
271702896306221
271738119622253
270319193048976
270327713059281
270348953117231
270390089737434
270393216341789
270393676476323
270473139662587
270499173019273
270507133009365
270669659644528
270682466294321
270784999636423
270834539649580
271975849624764
272015909477372
272026816179942
272038162810008
272125569633612
272168346198471
272184452902756
272233452787773
272241566140310
272248502788260
272257019591657
272257372821021
272296622838468
272300026122164
272396606265796
272399149631230
272408392783306
272454759602238
272511339506416
568562539874548
272546996239274
269826899792706
269934803185360
269937916445350
269954706368381
269965339758897
269966006479288
621760031182247
479987295470675
342753685880937
270000216395892
270055889712492
270061649840648
270065699822268
270101293170272
270148246392966
270259536485644
270270326355093
271781239553343
271809809536481
271833496319135
271862689619357
271866482904800
271887629522992
271957782817220
271970992859872
272564439512361
270968066339266
273111789433432
273118842775767
273217166037552
273224956143519
273285372707293
273353122768618
273471902711123
273520405997281
273549846030535
273570932780780
273659876104495
273660862656485
273665716062308
273700646152791
273741336122985
273778036089382
428037587267409
273804206125743
273887642733556
273899045970048
273916489457236
273932289437718
273937509381415
273945302763372
273947646028216
273997716059706
274086559447280
274120166002500
274122252606127
274124242671818
274125692679560
274175065935277
276230032454876
276246955720355
276252749227318
276276982395337
276321339160746
276377312373445
276401059133797
276428235796142
276433505732723
276608849099490
276616322389220
276675789068797
276704732477230
276719009046225
276759935694390
276789222453788
276825862465259
276922939149245
276948845820557
276971495662418
277085535727512
277101685783062
277106475800764
277115352326428
277145392401169
277160765659391
277163445644831
277206115783569
277230852295071
277247549067176
274706552540814
274758699389397
274770696002782
274786952596775
274800755909168
274833029363859
274846472640229
274850692684161
274852405872950
274911092639625
275006032631348
275022133319
275032836014869
275125482529670
275152485936544
275155959294088
275175049231728
275291202643273
275301542629390
275313412619291
275382639182998
275383492518136
275391455866019
275416219225298
275462319220813
275502325817956
275510129137003
275536455792240
275615459167992
275631979215440
272653359558527
272653902917528
272695802751148
272709606099146
272719906246763
272751182768632
272755912874790
272757206213476
272776969543224
507850989290443
272849962794320
272904892879386
273025526066423
273031482748120
273043239484645
274248892667006
274310972604641
274344569384310
274346042619772
274356542600725
274361356009485
274365536034869
274419842721685
274433049371604
274441659422520
274494205925224
274548159404465
274652915985913
274662552657282
275786552554079
275820842460920
275824469101615
275833112554859
275836465851921
275857582598592
275921912618254
275996519126923
276003765753383
276052735892772
274210059358093
275694865891126
277863458941992
277876975577183
277961012360289
277989052266753
277992289662
113616445422333
547856385239251
278014665634647
278015745615179
278055258899915
278060438889739
278062915696491
278068775576357
278110129025005
278130922229983
278225275688546
278306048947924
278308255525634
278314955525544
278369198841222
278426968975093
278510272276129
278583245573003
278630142260038
278680838957791
278692888830222
278741168858879
278782445488920
278919555639602
278959412210657
278959482129761
279005665444891
279032922264397
279123645442713
281082631975389
281156948622109
281201295311820
281216215423008
281285062033254
281320468570909
281330952030456
281337281994848
281351328647321
281353258545881
281354428598587
281378488596691
281395318543260
281396285341292
281410645353282
281438868704208
281444678657132
281554911967756
281562048535259
281630865215797
281681195237832
281857925303298
281915861966026
282010471975816
282056791902364
282135235304517
282150381948633
282213408473051
282214371850531
282214785151830
282271851934396
282329415174707
282359451791086
282402555248612
279427865436526
279464375460095
279465518790411
279488918906209
279494905409884
279553182092163
279586858795870
279639448832752
279664748719377
279707112232723
279726422778
279765075567736
279788038885458
279829142198373
279830005452507
279834685391858
279842402068692
279850528781449
279873772124556
279884678785791
279890695389837
279914702060216
279932995407996
280004855463980
280019885357645
280058232168524
280094118704750
280127312131762
280198885444447
280226955431803
280239762057494
280305405504324
280452832084766
280457542068953
280539458711227
280560918787961
280586701980512
277334915726881
277375922369040
277376785676423
277380888941494
277436255631611
277478435602003
277485922284579
277521252444025
277602412290112
277625608971254
277698432321613
277779845632697
277797852313656
279207648919602
279223295433898
279312145509785
279407788745844
279419718929773
280717481961095
280745028677639
280811985354408
280833075324929
280885805292442
280896352089541
280919518705693
280919908640879
280961261975686
280983875287811
280994375268471
281028725296820
284238398269982
284244355045984
284282718342541
284313448369863
284338304956829
284374355068165
284391144914668
284447521596056
284472255018299
284474431684796
284481531572093
284526588384030
284540898225530
284561995065148
284576585038186
284654401556182
284857534863865
284913324857954
284993461593654
309766129163767
285171891603383
285229514834049
282755258429134
282756558591732
282762598433840
282788675168157
282814708405483
282895411753686
282914675192042
282941618456811
282976435079569
283008631870443
283035068450434
283111408419331
283193005157704
283195181718067
283207858478954
283261005058944
283281315085680
283285445037026
283335855045422
283357138406809
283407471747087
283449428446483
285918288087364
286002784888371
286012861408819
286031141424176
286063338239112
286195271584103
286235271433554
286292084806115
286299928193407
286304931445263
286324311465187
286392318211294
286447068062172
286447674805961
286451971463118
286536664716128
286575671442942
286602968159943
286625901512464
286657821500353
286693651341135
286702391507089
286775761447608
286824544760427
285279494952350
285333248185632
285343734961675
285384581475581
285406484805867
285428154949125
285431641554088
285459388183290
285506721621665
285529484970036
285608138274580
285641831618494
285657018204193
285712614900440
285721031513384
285805268198755
285905491530024
283516775126493
283520301753479
283553001663754
283641128327291
283675231696245
283690378403692
283699355148628
283718728334646
283889108343717
283910738385092
283982525104564
282460021783995
282481951781545
282557425220324
282574308496884
282608225114956
282647841772943
284003471654174
284085551756739
284096188325234
284158201600289
284173514974694
283468721684767
289179121235103
289196321182304
289326561177426
289396717777363
289399247758580
289494957816981
289518227756995
289571037725416
289575727899385
289633944381730
289730091105182
289731427841221
289806871147287
289837311137589
289858154413577
289900257878116
507413149340097
357923380912086
290006244409079
290170691017769
290171377721655
290320354435639
290332450996580
287701914714960
287760474733878
287774028064965
287859314602402
287870364564416
287885521255905
287888834565670
288038001343186
288042604657703
288104084592230
288145984700154
288160434662987
288173701213833
288193211363387
288323504563612
288366161264781
288407447887153
288495411179937
288500984568994
288527564619297
288548474540029
290965697643551
291014154294622
291059547601167
291064964330037
291087927615913
291109437731711
291122607626206
291170111056993
291296604229780
291314644255996
291343781066045
291358960969513
291404127539616
291463700984703
291476134285408
291527270875125
291594850913132
291607247689816
291638897618051
291687380986070
291689930863118
291698190946468
291733160855470
291735857638361
291781710866016
291782667524732
291809744347300
291855064303697
291880560969426
286880348023652
286897454725028
286999874766923
287049824750775
287067281377854
