187279704669353
291505947651934
174242785952897
179588025525367
290410167816160
100720436743010
544443472310038
659145557432006
156187187745815
580899891987225
509916282468569
128317994028489
663527716993266
332625000209276
202269686490822
587766707956310
508286275858616
258963977491128
548864395155430
175498242587904
1420974858176498
102941356430390
145472528848929
548843985181871
278892485473829
265508623648638
172079562330
282608348460525
490011241043538
302561766509453
279021072217458
105675632840350
500824453323715
409369715852527
744530318906200
151127008416008
448316865230584
433978343342665
466114863482962
655490667831937
752202311460347
357105454382396
549863811745167
279739542130424
158481010872098
201503916697166
652568041443148
702648586442133
571626552920986
616369698424906
274828472664571
1418222765064452
710810145596617
569888823108052
224264644364624
264003507010891
510268785696669
223701081120565
363726700367986
743800588977903
118376778250535
1415261175396144
1408181022753800
694407303934988
113152485512827
271477259636711
343619085683566
183958648382320
211835682173072
654724627953244
639615932768688
230958913737952
232149290134783
260862150657537
153287971374811
260905454060794
304795739538429
191938180828317
1425966800988804
661380230543296
246185505536142
272374882968095
554463064582933
526443710794928
444324485202
269009139911478
1558054904412305
277587525760530
176512252388809
129696733796201
272909319558005
506468676109208
372898876117616
238499499661246
296454487220022
166951330028304
295870560597604
1435503220039115
190558064482316
475225822503243
159798994213981
387655244672882
219160038096111
463427297078478
226799004187018
293687787358936
399612186818500
116474171803595
1425357574350266
285288954832180
128869913831591
1508605969370805
136293596484771
1427764074103388
208652595832695
515800175185153
235470339846755
245689992277278
258316310895825
129439757128303
252658668102196
231120896949837
379004155525121
141178189245530
579671058727869
530948730277875
586273768097330
634227839959131
673256092742639
307945062671771
1412343419040292
345049328974751
314467988645945
356715584466841
136854619673677
298915247199
146955732039344
186614614714517
316959778436975
592429867456086
214547785258480
152915604863893
410373059073022
156726277721388
574098615977175
277353415645897
397390437043256
294876097270307
211996968819988
366334520134350
229296160528441
139292589599306
207238289314833
175460069201750
214167261941050
145431938857754
192076714208209
625329977489933
295737710438852
604081139619384
177497479036468
301851933315604
173257203155
468281669871186
141644479273032
256490487734436
225100744305132
126769540723143
550703875020489
636807013066373
179565815542719
548300255263006
152951868052489
247702885436235
411943362259136
385604934823554
808727359168828
233495906841833
250296318379446
270212439767939
266268833413878
582260078510057
260993180626861
550428074998648
190595524311620
393516364077540
118806261470235
155485284504739
371319526289051
610837198989649
281817828560109
281561825324326
187523537966760
578791018848294
250232098509491
166231913526039
156236111238098
157382094391513
151136718277580
389307557842228
304848013002227
1416695301901710
470223706391976
356389347773138
249242285179424
122058917972307
337438929627152
222868004402174
372134457605
605569866128294
264555275550
231365523550448
397203180311029
187928441235681
263833923796479
231780266856376
212180508883465
503473296341871
386535188090403
397273503694150
175868002622204
643884105669626
199244590106861
222508684457164
221352911214808
114433698668460
308991555868816
386564118057141
626202294129416
353766761366043
182255661919496
482866531794105
1417411195145941
452122154878651
204866766217357
466055966745783
122589214455803
368327103269976
159800164212176
189155664480194
181655161914460
251199688403487
135301829841014
454758531289026
256286834523941
114719038671935
177041622333378
316054571854277
448886301856605
622208514495619
392488967504204
1545638759054916
705663066118469
138169099658385
224571291077716
395353720584789
643818239006774
442778125795084
584708924983703
238773126155001
536318949773948
737996106246072
655023547896360
137555656372554
247778755347544
608536985850346
199801000031287
130469927046114
197327410304954
418216604862401
236006599789456
260335067465409
192828480762659
544040902322413
198557223513646
545794138803130
177537638928204
518732631524223
108509289299170
222795231139155
155170250488
690337671025368
290835962388
157818760900934
331816526846049
1521939388048907
383637081818483
128037184072230
328251743895268
590728784307931
549877551710818
135983233121386
208377695930
458445610894402
112356258848019
630032800437901
120904824596962
213651925499670
313808768665564
624610834275659
341044506005186
744680538916878
190800924289761
371398796324197
694679687248430
351103698324743
121923934559475
187128761306836
440469932704586
816806291675827
218096205026895
246278968765387
147662658628324
568350703223356
423723047650185
261837997187588
282981355164253
202189079799094
199879040029198
464488740340288
128924157139608
186988934823120
149551161727623
175657852635179
1385341818369698
473682252654429
230133810335122
414965081950855
144964282291951
591396367597054
153317974823762
538590409602361
117344608415173
264938706986470
189926004550993
395216690559141
220284634788031
253662327993630
578791102183213
155826317804724
216142735084257
368787786514583
333592036760010
127702360634620
374090342724857
116255311782459
541697982554467
192302270792024
108660615879526
285207218282332
193237077501456
220734191279927
101654433318784
368570706585337
119375604925605
395789670550006
315870211833781
192697787579386
534533943243183
304074452993322
113901763156
142477519240030
510542985697980
595967900488158
171434982954946
412847538796983
406441712725216
190619117660365
513260252070532
353423014708115
127895043906729
604904352862483
151139745003513
161758527333757
415433161841817
840568732661830
619645184750551
129769380551429
306062279580995
604281869617748
719074908113421
231854733497189
508107339221870
701315376554595
481419258537624
169537146494971
449537018489074
572453016232397
142159459277299
132739196759847
436205486415355
264811383601960
219414551563748
331727730289245
226983164004414
153934078110574
379405005461632
110960342287562
156410191186965
204440086299663
266670036702264
578430205540020
199216267905
484875168276552
157741120956759
475812682476327
635817029802621
563630103700267
190645714417573
207505946081850
175259285974151
109057052628582
166407686883691
147282975384615
135935119826189
287809914567299
137552986387570
412587202137199
254598397902602
171151326400898
154502687938630
199692746813684
182321998627711
757998614222306
1497308387151408
169926139761555
315926965175069
1546489305608759
114860838604148
454598461285775
224996587517644
365948470138190
570963582993695
233235753369109
249617358549608
193478684004258
1430913020455959
304208549726707
276702569011285
233546773401183
496326697048484
278298278872427
339994866031993
424329357593273
184131081617977
444012498990839
429212457101413
464137076958407
590314244364686
134217133307269
720027534699021
159801007532877
608211879234747
1520506438163822
484511181609783
197877077015840
422458911203232
299888633460862
116548015111707
633027013444547
267763956662640
271283649672660
218180278310447
1427108340837246
147623558624865
347534735346055
549104471802829
401730279893973
307960379235169
222587747758823
195368647147764
192322630915005
266266913491472
563049820393719
577324975627622
400748723347166
237902902918032
161767807310306
303162086365400
136938923050703
266015476844727
101796219879694
307540809361344
369238023204565
481924318566129
133163336735741
473772106024322
427487610606555
199049806886674
619434931473961
1487697564777221
625511754143513
494833363945039
393953827355093
516870271711114
135206943341407
345336305609308
289025424625455
224298224377708
329906323805822
172724149581712
667154033306390
131603473523414
126145144201438
171670179583296
125258070987436
172039912945059
200445276774553
366152300130091
199668813391997
481310078622770
339179166271422
203619013065476
542788782440804
393309164119786
513852378671850
202263739857558
479341115412627
169953479708659
1377791285777126
355252041279250
350343355001185
540302312721065
536529599785651
576587819035837
247369998662249
142161935857152
116328381729203
246633692098433
183496468490041
370627293028741
315178278610274
101442033389887
146656735527427
582219968495673
180466588677239
116852751733904
185589828170092
410869889031960
208077852563844
266797416764597
136537683089099
115319628548420
562310067171255
112286885455766
186664798023905
674525079229603
557179624324178
266343796819684
431790156961021
182360148494085
220693704780866
635253349839103
487828574567289
1474363042786001
242590335769685
136524813203903
494673030566565
668318956547003
309537359079364
170118489704694
295866203775983
200414589987878
245007849027416
206028829467783
384835984963723
198942410253871
166084910249125
185881278261433
132223463626276
458835044252385
498982366817034
348933878543162
179251868774450
255369094481237
266977916739361
335947476546959
341377645925868
198830180140428
526726627358021
196757367158651
325293950883007
163970227123346
537031869678256
589518377743848
146264005535771
463619963686526
622049901172879
109071899250400
240770712646269
118435981675079
1406628509592898
183192945171157
402899343197880
608780509197758
546255002137058
281451725397467
414722121982321
595416087153470
204599506303587
154029891278291
186407491387726
119063094871671
199929706829798
730805833632121
164410990265959
118098868246767
1428875577333345
189610641149270
554067021356653
103484856435009
345930228895241
1459442280981380
241402709332212
500940836669735
274649632550230
102148059832391
1454841634771478
197894773590511
231168320405924
250946828389634
220832981413302
360572340753038
160958147294855
111707612184994
554172281273280
502692089840406
286557194820072
1380471785566318
216299778551448
1427886197440307
338729972848610
297115590401737
138442656223988
353386731474539
1473792509502412
625818974139370
571926776211150
122173687876335
201163540020098
297257633649
284000314946816
602094929826513
1430507297179636
623403341034091
382553138546286
644819572209064
557012291060348
186267641397603
132577343477223
663726770349883
773371499389043
197351666950662
444794688939546
255672841209817
525784137523511
470611299725984
237707609719553
161160900613829
130878790302955
125020404231970
659198364187626
426927627364136
400246446701098
136312485562
450318875060927
501445083249319
478811738805454
527834023952135
229532377171363
543633645688374
153882428062208
291347860928312
438415616188227
108562992604080
136303996575574
192675854086729
155319587897332
128568477216903
367461040043400
168437636653535
127980990619496
767565903272918
158079214247039
185611438143404
226172900870290
115237031839095
245003022287339
193335580689831
243796672310969
145189795540072
128796453852469
203390923189823
1424637551104107
197838526937612
184733895026401
432192530244449
104989942920649
147925211912671
121948111292471
206698202687820
605717722835045
448752041919032
754621074569185
459187990827726
506265709452499
149217308610817
315144855168855
343974982398700
713133782093163
170741773108656
201832856665531
152533471535610
295427413868075
272757179499673
595818163774619
696516357026198
211207062391560
433070993406269
697026183682352
156861013477
143828205686510
121504021252255
221402184572696
121506527872675
254314875739
240993806085737
198880710130673
234568186723216
229624197111265
166731876711167
1426386287624973
286611554778525
204976739576814
1505644719656070
212040422189521
163538267012405
489749627781646
1472144073017136
312604485594109
174279569299857
697827263577772
544895485523862
642515462472629
667081869998526
580761085366766
125305147669283
363934303639599
375400559219422
126943557486278
266441243500020
180080562163290
249516148497216
127685194105900
267228086722374
355466667860899
342062492487644
143168506914
681983975151038
110470822307106
608392245865144
1390506491200433
541215319223878
223942281087983
588121914552659
1473747076100040
285567658138663
312153788871630
597131966981675
124735464215033
217573095008403
481425668602092
186802708026650
193692360802182
736163726399437
246550655537249
358798050802884
199431043442762
138289139692904
216089551934590
189994967689283
593844644047706
167336206690727
214590508568029
528235823947262
563468917046608
484408654981405
120077034821105
773555649379022
449682238408861
502084526512485
259599104093005
263863491535
1518624478373073
1455676888014080
301515099908110
659679204106087
211158239007094
1447492795496652
408799215900930
1415946905286707
538042692927308
313534535470280
356972170985400
204522099648244
133339323473399
249520921761922
172900309412884
491724470884071
165833593471966
210882272351682
294850563976086
312861362182105
334980173291716
551125321610210
432754423455815
194856440539217
1374546222770307
1386984214859240
515723715159849
420693701356856
375494622577083
320476858086381
351623648284951
332004516979386
214913031883412
100692896715573
136348869761946
475875819095646
336629919727216
446776685397286
222996997267
231420340322995
327635610663520
10150110938930447
184531474923871
452552921491575
485148448171571
1440927902801848
195393627157302
559640527423247
597705796932199
154734134557636
531513973628482
460605500623869
415229718552204
201059869920035
201682236529672
551426134940608
168840099867819
266184430238356
271857146185397
505401342865580
311954642207101
193823790742185
182718338446318
115761018446682
696956766996783
307146162818149
206785466005138
311466679023372
1450343901879527
255559747925815
1399654386947581
492257190811400
494124803972596
145431125580740
523333587772646
168782499904381
1416184102000333
203248846351897
436190713165340
338565399615616
1541796359439206
195882957128016
651314664959327
1415349205357054
321584697934899
1482430041983364
340036426114018
256753201095226
126141730771251
240296256074549
791259280899650
472760812774347
423799067702233
786389608048132
509148675821379
245003259024470
116132085138615
1509762339252201
481011471952048
287993001347366
174166189400696
578466925531159
512262292174242
243408765851499
464312353636982
263130513738835
202772533080853
235582956474649
114098158616477
135247929971546
686367591415428
141068392754678
417159714981381
637055909703640
294650777364746
818842584797091
542284312494594
214894068687544
170484473095667
374989252581662
451593224865093
706952146015333
173855772691934
139348692938858
524133767674594
257632557736827
150678995083511
139130576240945
161835677354389
1494482107436068
499258446789640
686686914677725
418133971583107
345399712242274
189419041086887
330368440361833
254321531359844
304702519689187
407313435982591
748633315179767
462433223863970
273633979382871
197026026982047
729702127111147
752349548133003
159165607536193
125365510970409
216275358396034
288809854257
129857470419612
464781596908353
136488069711478
231488623683041
176092099083167
293571217322478
180912558622316
160884293949661
617105635089421
127211184152203
367106883339298
119039328253034
130051663856482
972369199445619
181088845306138
157764401096961
1574293362812727
141956478236
199136316781967
341730359217187
129869517080402
1458693771026636
146592752043914
502806769748405
218915208208327
648692905250379
427288920679591
159753542581
275294833304
154691774541075
324829694214437
176841259006940
285889224855092
126658014200078
675882492454594
139388672787737
116115331816534
153745984692814
124320564268589
373628801248
307394162700886
250850694983780
1458407021056640
135321286526689
503632749694178
203411119679306
338714059653077
517096828429626
209789275718764
119319514779537
277077735739925
250922881690910
726438084061390
270992039686475
1439050069678509
263424583767475
159733690898086
275971869172658
