462794553806538
544146232308434
421289324625177
164665463700481
458569177564633
204088549608854
327826103975435
199194346775398
117395608296777
171529349564569
116951578346788
263089800456745
299601438706
561640223928474
208234445893373
338797492874542
259003713964
184978288359810
189289204523645
184037664958834
104697149609836
142605882597640
125835350832116
184895215050540
128170737242095
330614007041721
135106046695263
592422550822908
252114341504418
222930631180539
520809861283823
526544224073924
373028772784017
188527397935807
237316102971672
124680597700425
350238215089192
157271341079633
578158942196534
482216528524156
461683587233747
378556862235106
169745619901961
147662428750282
148476251996988
353615998098346
134048410069073
140336956130703
375808415907157
363985873707875
420486534709300
380326202067797
536228543107771
558738784157048
557332544325993
403318266472665
418520408193275
184551935053009
341620502649564
293588444119628
198957400122392
237437223093243
1415543398725530
308667195919170
1447089912188942
695455823801978
726543924091433
744183715610355
195837720601407
175832832597031
598240286877256
106225612843636
351269374971755
657538634276066
217606901737482
512271305481912
234897343193262
437365236317372
424593874260485
183122615036861
286147908134667
235747189812440
707943629256181
522320297843497
204893852864005
200860406612770
217674454913752
724173024262828
231843443562807
437386176326154
167349650007811
449484471806987
511296805614824
406237079406026
527727473932851
882543511830787
369548551445
708862252482764
507567136038509
864881616873827
440138062755108
217147825116032
496915387048296
134557749892143
142655822590059
637897396323936
492876730750942
149252195269043
401990473219961
524532910928764
364990556945867
344424098953330
491346557596168
374152252666922
207892332654448
481896648526198
483458585057303
392218630889838
1451279448477101
144679619054537
233853523348681
247787478620766
190803687629880
180545268750621
304062029733263
731505026866711
132097913600611
604894966247046
643562985667286
299117806866185
617722141577773
213234478716787
157186427816845
194361704044813
181045065246165
316041651742016
568192443230024
208195879191765
526236864125135
208485612513221
581445788553292
507700735940002
164505947052086
358800784228832
133715126704214
373021766128563
417754245035906
233875359966171
589478321182341
155475231177594
257727014333053
210679249190
124627837572398
694251023938705
1447943622126454
221590937851238
568123749971901
234911346706879
1476562365912644
281542172023627
210488868983204
480332978735703
372873156068562
328569193897288
247824411905042
614226135355064
549241725116402
223914954308839
218237571614513
638074836211489
631457113561182
494214324010752
489692451156451
230618583620288
272810589474564
173261799525598
516539601692229
685840794840071
465162366932724
241699189190122
440052422726920
1527133180840093
665245456829756
425516704157401
166446830164090
752301388160473
549499831827031
152793938091940
208671485819213
290979260969298
257497620974717
166206700126337
691936414164903
652618441451806
217474584999768
205848016110813
195139287177506
1405078343107363
109321185802613
200236990163417
257019587744579
466029020142561
171214239575000
124627280880861
185885914823651
343705485702160
126935240690175
134618479943009
502365653115631
623408467805240
421088328034012
355033997889086
138302916181945
139304244678
417489274971183
127167670787494
471509499595764
286299591495868
172412282946941
241778632508805
378780825474032
503447103076828
500530440025474
176514689062114
481265721938168
513535328660732
274623762717097
215118955331530
787515091281472
1414823258788958
229691593738091
335151769947983
498058043539755
654226941357981
260188960776199
176745379194789
157329087724269
327189257411708
551990988168833
105801069456354
153024644804217
633826716630980
455856564504452
147399705456105
203541316468749
590765124309400
513142402058693
253419778083482
423621551007906
157982380885179
1391028167788693
282835855245490
245240753052
555357841160625
166239580095221
300769056649886
549446665143684
398405683597468
505047532869457
367059673413609
287323634731437
176597565864523
607136319328860
129458800485018
178286369036801
266669256852655
278474489014599
176992975772911
130221553690655
787466414633527
484777658291050
576820852364402
464930306945541
399879936746090
189466794434719
448159451911412
114423705262268
229241433756349
1513128142254478
327153434013391
265929756892067
138107539573104
134777013212254
122226351195697
285097521656448
223471320997605
334505149896197
419813321473301
112468638828878
152401771487287
208632732513174
154286621419944
621197317977703
486794291392929
207766132631741
257292324287365
529151317111255
201519603223820
386183888135660
527632220630369
149095565209215
463991003737104
394651913926689
170290829685289
194742510721153
486483414806999
544542448952049
431602333544654
120387098042768
167979676601766
300838343399346
629797980382641
598675473559023
620108401334278
513655572023425
128790797298660
1441740192729785
454131877970786
387212010154
422006174541900
285902761572919
199566693402764
160664490696855
1484921938426185
339618629417641
1410689665825840
257446534320806
194887080535039
275462022588159
175718559170926
403019913118784
530316387038532
1401191183431136
286944431477279
177798068292
250246494985537
1410737399164545
315875488480242
109930319067120
522108591164861
127302740644919
457131907631604
1400559793513047
265086210334965
1433337540284527
488157037957598
696008417124191
228979913836959
111464292265491
147164132008500
261508160600609
124699277617275
136701233059640
119710684784836
687997587959761
1415396552053913
656199364393696
174636866024570
734893309915600
179071475589147
515973255129193
594049694014646
200051906672707
240406269415856
535262599866548
150177688483229
413262018706925
419762091427841
215806511816594
246715580872
440345909367995
486770051408377
664770830228686
386071594816061
341725822568503
1459025580995353
516465295149605
284639211661090
229334023836391
147622012007071
105234312977290
207009612643543
214682971931355
443101039101378
396514823745274
147771098643563
407257559424568
506008822866302
247278902044721
345786615559191
495722383828938
126287900771971
603797059715414
579599668739478
169491906434753
732940536749556
284653144960774
886551754689935
123455757805755
278565778941165
222012874481248
194562474056616
599203003467375
785001481532205
216100368409095
132052376862920
103553823053510
243372872390097
402631659884360
309524679178410
410498742347029
592462970849809
73684737946
701787329903871
147822858610710
491047910962123
122863384150
176054345777871
147099195488755
512039148889889
436332749780409
404776952973491
227873447407739
167917933361121
255909486214
1539393599671993
160471537449413
245799075574963
155012164519396
1405112406377306
318314201599309
1392782220946780
200706236763734
418053401583677
817822051593352
606299989397161
709464285781797
124546214412916
360554414056581
347044488757574
332177330227622
135956716570916
116522091717142
573848476001195
121279454612440
328542007229388
519680228087021
144356139084804
174136389427898
138819276209431
142573742609791
410325805679513
100168473493246
194975510589454
177559135610323
458087290935276
228385497258132
174557856079064
1543689212527330
620272434668091
530873697008795
151238744977018
413749035338568
262123243878787
1482974065321243
603007559826118
369898466466357
1425340077717393
355167781248892
193744653989354
299588910077439
384529251587397
377072262414265
462537613774988
223552221102567
641538799273797
182896141805183
553989181306601
216563221767429
461101887337907
256343191072875
119230324867942
1440139396217022
502613926527456
316836871673950
151629788189980
345358352213201
1469000773360626
113805338630758
243990752343072
317395188296438
219855281441240
238047432944095
315203768515228
372483109433142
273654675990817
151995254992112
350068201744418
1466511576897775
256437874511559
1415743775325944
333883840103948
301606789864882
296162213865538
509268462489488
1415410108714013
626424924057333
454879924548351
242464889173188
766949366708136
108937015977871
249929421869912
392506670864721
658591057497266
220113254782357
233800943383978
104685319610370
313836825320133
142497191020
162611030578791
129952230351398
151239131643216
358246004301772
162747937111675
192586410919825
745357822188187
102865163127981
194559393906653
251051171665044
180222965466886
730527393666757
409014995849392
525152317533348
186344921407747
492408234211166
328392500580586
411246485638504
463634627013983
732349146796955
199372503479883
154112824778123
603300833021346
434313019958078
190760184313954
1452965531612150
270049693086139
253240951387481
401203042173
1484784195143079
306112859444567
587473068026319
1483965811885681
126931727353898
345509438877118
206443019433198
1407840322789801
168719856591075
125251667668141
428841427210031
625466334158550
182524658492942
150492268376517
464160896933637
1388785021384056
439452579449233
115165791842669
260220790679795
274214326017406
290085081105142
154832081324779
102566426492417
553489941328390
316503055142681
273767416010853
318181864989697
268853696566685
476552549053844
208347892529865
163600870328501
581971438520529
447743375259889
483627881758367
444072975613716
393663240714751
519192031487055
62825073345
476023692472453
434346376634085
299690736824292
194403293923469
158289470925474
148288758639995
537386359634482
415288158500773
539634899436154
1452785261659823
488695221231143
299058006888784
709369359130419
307834039304338
214188635425093
380677578712779
252491431605709
356610734485630
106858802730948
351632614921406
161922607204361
630194420401383
394482287303379
446514795455679
148488375188553
396594167055736
293573164077870
159885780843214
422983747722497
147568460673
664305030299817
170425646392255
1401168216794859
293444127429380
750586608285566
279548215481918
103137853153294
603826559650454
529122927133814
585486578167260
613545525367783
159151460794686
669888306404843
568760986475237
273292966185145
482968478448807
516132338459022
262385073845715
215554451925509
618886528226995
376243885772224
209984809022922
131378526953654
245423945545403
268473163267636
137432899792656
695205627205086
282331358576895
316000731889249
249301778454687
335368176608260
241755685931549
124300984314237
137706803091294
339982389425261
555401631150056
1505290903015712
806682352737829
121304374593974
125521790961888
314005315315757
121181827966837
227103317410330
608949692508041
413646848656319
294764880657463
368989763233045
777333432311502
230884167100278
328415417177626
548096615264913
223679114416226
715054871857050
336407269837397
508856035827433
145155802227946
192790617414179
132756620265100
341433142654530
185505704866855
447004498731713
731912203502339
1412928492252715
546836282031262
195180290644594
305008976254927
201917636500404
349011785194578
220604651291403
115363658481141
100586606726702
216166911837040
363981126963883
261841680586949
135413999977877
1401544426735511
186925181489845
239291516109146
235776049878860
204886542870831
306746792680717
177437482274274
197911197047743
214561935232560
268124469967060
428696500584550
238376302963046
431720983579542
720930784615859
155324024653052
269912836374855
126383487381707
512734595518657
633280150035694
218700698154186
809294175766515
215994505123549
605928822779846
225253504339668
101447106650974
1505297486351115
265529370153008
421015097953762
350778295051154
188457441274480
365773406836179
406300369423688
185830438124787
216140908545068
592475164124770
309555579112189
147987088619089
636153906462217
1485887011647487
329581863769741
357324774329467
130530633670566
555333601231903
557367307690701
199605853528401
768004843261191
654279634624145
315073881924222
515323161861693
126867920843703
165729283437211
179341018808464
465817853486187
286180291565024
220995028095210
539258226084828
261474680592769
281290675255749
168898341875
122249774538108
314710667717
1375356886021062
885367621489588
173562886173156
344587492275593
424572067585399
128545400550512
397391020318179
123336241077806
265151445181
389758271147372
676163962400515
263305680485353
631437493561698
188013318070881
615080788586231
153308251426197
229835907192340
785531128164744
262531307108648
648437445188411
245084102183320
143359269128823
505085386185713
586956444710917
101697626571419
112198652203190
189010084512229
319791524820037
386433691416828
1397277087181658
491999217490824
383875345088606
636553033043869
183346235035070
571554066209757
377676285676279
567817856665351
231530096964092
207175146121866
209645955721593
175785202441210
313172055469165
162147190462394
325063064294071
399194176784473
341938725944520
676577089077331
168400973207055
310250905724515
256599877773427
541760419220292
447448988676652
470355556319172
528469030500131
417846034948400
110129299101188
597625340261782
202958799834107
280111328759307
180406785470153
317382991699486
694371177296552
132906856720997
102108506520703
220635784800296
546640838728804
337854616325907
273736416120370
121300791318922
562616010523536
633208066774369
208994919220821
400165330086762
478667022209060
268543236617208
183502948438974
225258317597259
687478684614478
572052136184765
424301037690298
470635023035451
348567205277676
574779355902645
1411448625749580
163169673888774
206452629533481
163597050507993
386733334789824
589965264394986
169254166610148
208316276008378
206632186179366
447300442053735
307223429416176
188563481326800
162070647331339
705678392799637
509902932421311
552015161532286
1420998474782129
340781812735062
585664294812532
152341009257
218472928291186
310571532412165
1417679675165493
1442555542650873
276839049002824
377757282373815
391229274328564
410649492320846
648813571811264
1434728250091975
212047712304745
442914882509612
108013846022151
286916738155064
805845646124491
260647834074297
299907706866925
330225953775279
190638397733192
426318897417153
234773539939485
176353079167394
284209288294669
277855809000347
291832160914345
170756342969061
576085072433245
267555990099835
588500201177576
194277177398202
429234980472408
1493527770862687
364786983639287
263395850339388
197316727059103
466024406814709
154296528110441
323593014367890
201696766654908
596101253772014
313064048803176
147503605274094
243732322324721
179457865518726
789929267684653
848994485114063
170849119593920
299698963395804
327631344016017
108254199198010
236382893129516
354919357853616
127829953845
365595726836748
194673547218129
474868929216215
181476801907241
355569774554202
376567329129263
588825431156542
160818890760610
462601407165579
519612514776793
165937950960
114913578666437
548367908549162
669909723026179
236924139805209
130907077118815
202565223256089
1451664251764940
498470476901252
160705703956298
176917655829754
173407259465508
255893047780244
174040299319480
1457981307777282
230508747387
699453410104798
460707787313092
736419189707221
330349043678738
459997770732205
363954860359015
401275709922305
493106724112706
297783010344980
208275119252628
348367158612906
337508939621596
140118982863647
375273142573433
199625043381068
291665917601074
869006269793771
210557265650084
602117626509586
211410505552647
609062205807711
115759378569130
378675662215531
339582679503202
190491570985967
1435103583420457
590500817669976
391011137676722
144002389000571
508568305842323
108055035931393
773713312649187
556456661117691
143626985800552
543538042330897
304411306289989
220485164677042
725369870830095
669994049726686
428762443885947
755891511087632
256990851017993
216814438457991
474504162562760
170228049724017
415820488522063
539885549417675
126877287333167
294635830667969
829649357057791
432503986849535
542314772528148
318229921646872
132095916962523
154417581393056
284569081670952
238791369619548
184639925034192
197282263655743
421803417855476
164159303758569
576707585776185
241330719259017
497339970352240
201728216644953
170012163052226
