403704849690719
405906316138001
406086139466186
406092639486415
406196802814314
406214502842030
406230892805758
406232256170360
406265600399
406362796045075
406364532798663
406396406119406
408993949214645
409021579184393
409102679242698
408923749118883
299821646818309
299870866784194
299897786846506
299941576757891
299963310088090
299965803350603
299986446699009
569871306440528
228884203962110
188950537826684
146890178712398
426075444084836
159859467490242
210041792519093
1389136721320821
354428084592505
607553975943917
121554617899874
684933981527552
425974830768150
475027989217421
247507612098907
314228752013416
191494974219446
362169247227632
392982582714
753870564624062
597214930297272
123811751158805
331663270320942
389117419192
117103654999360
647444321936763
376591559095227
159201237472138
130895986922143
812354722141179
488613037875792
263643847129379
1430328647220926
125341670987460
123934764344150
282597648476638
300042823392923
300062266684714
300076033340760
300084213462077
300095396809663
300119456701930
300127913506513
300163650013301
300214546728284
300221403372078
300253426705949
300309493385139
300312210066084
300392603324973
300435240120632
300448646646086
300527006761636
300561846666716
300637219977619
300669946730972
300703916633549
300717023393642
300751190023933
300761513280272
300782989973593
300809516602765
300826806598020
300873546597785
300874460058829
300904966645540
300912856687273
300923670065600
300924096627856
300938176585664
300939003402682
300993696608035
118731838271186
624994414266218
222932197766116
301081140031508
301212783380520
317569998299404
317588841587864
317646498279851
317688031640960
317716909592
317743681681903
317830725007154
317870331667048
317875408350729
317884161690557
318015734962017
318060724971797
318069051652178
318123341695065
318134045007682
318175914983426
318245318353368
318306304878142
318427478243855
318464974961220
318467634854973
318569878215837
318586641582823
318655281592506
318658181526364
318708981609813
318758008212385
318812934961136
318831684943013
318898531459466
318903614926585
318917904800891
319586818163422
319625518137930
319629791457357
319739794794014
319747764934
319775268199929
319822924829001
319853661513259
319876588118937
319902024839402
319947144724923
319983194800035
619128964836312
180040355372582
448021538573815
320031491413087
320053148104599
320094298078578
320133968147564
320187304737716
320220188089707
320224848087483
320315484680463
320470834782976
320656504742451
320723991375423
320727541372116
320767831356128
320776934725301
320813964677441
320866197926250
320879914597491
320903381397429
320931078055363
321012108815
315273805211290
315324111858119
315341035307082
315414165247377
315463281926831
315473715169067
315551821832407
315593788615070
315629925155418
315635118553476
315693625261587
315698451883984
315730025249720
315735661819536
315748168558020
315770545150972
315858651889146
315868335255026
316038648532189
316057388553100
372056019592095
316100648539922
316176635110917
316191828503582
316291391774410
316373195132151
316410705174174
316499678384018
316572331700090
316727208395864
316748861708353
316776498352987
316807201710727
314227072012995
314293525346719
314299618700314
314354005265064
314369952018401
314391105418652
314418302021382
314445568575332
314483638590554
314501625353855
314562598577395
314599605357894
314671488581024
314688261879962
314742098720877
314776292045201
314983188625076
314992701969363
314995501854345
315041588607284
315094291943118
315147085312065
315155415197002
316899858451641
316935891687479
316959338432531
316975761707384
317046168399492
317063078333378
317068644979486
317109651763760
317128185156772
317157378416462
317200138447413
317226678319705
317262588427090
317427231674259
317431548273487
317432538381422
318974658159957
319060204871163
319085778240946
319151208210157
319223028216074
319227261463350
319256678098451
319360648096650
319409524836613
319440694804094
319494568153219
319500998078149
319531444877196
316813238342036
316862868334927
321111464603629
358041724214621
358158417538340
358181870869587
358222567656122
358271777675152
358271940930833
358353734206251
358366067526096
358456624234142
358634127619222
358718910850582
358796154135130
358804334179101
358853970927860
358861444229379
358885467526748
358920230916746
358950474179332
358961517466327
359043490782570
359054114106486
359264690835002
359302940792939
359359050750543
359382854118388
359391564129145
359490654075821
359630117457511
359738210726516
359891470796377
359921984142527
359983337437895
234745543249054
712665342125242
1398106563767566
261060487284741
136543313041991
360050577497099
360164537417154
360174804145600
360244300749515
360251343994601
355819347777543
355872317838004
355883334472896
356001241141711
356079301092914
356121627818131
356140957789510
356168364485929
356219974395265
356282174455675
356301977769506
356305484474143
356360991173873
356365711135842
356467704462769
356496961030633
356551297807938
356602327758193
356617647755179
356744087766338
356979174384095
365158650243994
357031007752705
357125967652955
357127294388384
357155984299723
357378384378851
357551447704151
357607757684205
357632030925299
353246811353470
353249401360299
353349811438898
353363994738788
353385341419451
353385964686085
353520591379429
353560557996598
353563178086255
353621298084582
353660634713367
353704008068648
353767928048859
353821201396406
353823668054434
353831831402803
354005634733203
354115607964688
354264361372506
354277227972579
354313158021577
354320847941056
354329187951181
354362181280407
354382158029578
354476204644276
354488431283399
354510827966472
354554001314950
354605187925296
354679641329217
354692277904234
354717581324517
354751481222099
354778994598255
354841447967404
354884254538880
354925827945429
354949044620400
354975094512551
355006334648451
355045397988372
355127661230633
355328177900586
355340584581336
355451621275035
355557287792143
352936118130622
352984441437910
353167098085372
357949524301658
360304560792111
355243167942161
357702264334354
357732304354588
398402160248394
398423180192887
398425440180550
398546376887048
398574696915282
398584980194537
398689106894297
398704296944825
398715213572792
398789153485613
398802306843651
398804566882451
398806200228523
398812486912593
399161823532274
399173090204563
399218703543113
116961931807790
399565553490446
399609536723540
399613703463502
399636676740839
399693293470928
399762040085005
399823016734316
399824823406789
399835556758796
399856196781439
399864886813420
399912500097480
399941950041715
399982743454650
482963078491617
156905247810911
114629905285950
410749965691081
529802243806060
133531683331088
521120051275504
351179889587
394458880619622
142655629136447
176758872452372
345335315502528
104061469673426
364629173582089
203690162974740
340638529321877
173832072659701
272311136124358
189447354442419
102052869890117
307997299299374
480427675315343
213480565339418
405563162813782
111321465702681
160154637396006
707307542646624
1508649022684736
187818074606148
176707969072545
151801528194087
597078360368712
1432100000363153
260474907464809
394337723977364
497489866994435
1517428385144277
138971796170860
190984057753537
1490440177841428
563923850338736
170803759616849
210239142371971
310497919142888
191369260933576
493096084093327
362449907155901
220216701368538
400041526791443
400056276795974
400084623376507
400102203363956
400124883424172
393248484128279
393269020799498
393270017453890
393279104018990
393291017480293
393415247388171
393466007448351
393484044106845
393511657473190
393527164011871
393624747339027
393698534086712
393730737317614
393736954008533
393765697341561
393862620736443
393945257375295
393999370718219
394012997301492
394125213964259
394165360626927
394228340706341
394293484050786
394305800669003
394378740704491
394463200630491
394466124001093
394493047344688
394518760583507
394526990668021
394554047265975
394601847269192
394605030627388
394700143957658
394705050636554
394851370525735
394950180582227
395821803877954
395831843769891
395901197183546
395908723867995
395923863754553
395944050436081
395998540467607
396022420495280
396082307210018
396103317133964
396151217142530
396177740403513
396181483816151
396205903813617
396206910501562
396320460498422
396337987131681
396372363733420
396441313765374
396465730440698
396490660382392
396681243756649
396687220452098
396730910397857
396758493672709
396793223734077
396800053706399
397046860329301
397114707081059
397172953711579
397429230374240
397554697016060
397565336925007
397597170274850
397650377000142
397730630363005
397906640300132
397922513616670
397978100271685
398112193612464
398265590189031
398298536859105
398302690314146
398319580246092
398393466880461
395138783905523
395238013947605
395291247241212
395330187249058
395362717160643
395384490498657
395444083880344
395481933809771
395518880476520
395587970587143
395611247227325
395654733890863
400541280103985
400598520077172
400650186652696
400651866729033
400720733364524
400738793390508
400753906720788
400784263365199
400328160100295
400345623362042
395110547290078
303347333141540
303351406349607
303435723120692
303653646350594
303700353057188
303760196401741
303829229681766
303918426472712
304037109773707
304252006348878
304389563992
304422209574722
304430189753804
304476396345712
304504009657909
304616756333191
304622279548889
304627153020789
304633632914331
304644782942411
304667476379814
304705406310231
304721129661327
304726369656941
304750989659407
304798586345659
304819616322618
304830739636249
304988946222031
305023092985719
305035702873825
305082049543633
305112146254909
305144286215444
305166209500522
301404066717459
301429696578712
301586873268242
301625536631865
301749403212959
301758643199317
301786993319949
301798579850067
301812536671163
301893773271042
301916019907649
301945679835805
164277053628071
302055463255841
302076873164879
302100759960788
302227256602019
302252999920170
302417059861385
302464066435464
302509256598778
302552139912889
302552999769712
302629306428531
302693696496675
302828526393990
302905813075469
302928023109608
297783920403649
297786423610957
297828850282693
297842923708180
297873516972648
297914480277208
297926286889251
596959136990847
303013026466362
303035783199284
303054286494901
303174963048280
303240216482175
296188930405432
296197140534859
296204493739698
301314689889449
301343403361348
301351919883810
296140623746500
337660366322339
337714969733591
337719236260224
337878766359960
337896193029736
337925409551536
165494140189491
338103829605716
338140472863982
338161742950379
338170022972045
338187176194359
338237906314601
338300813000832
338321599616100
338359729510045
338384999658826
338462159561604
338471262926044
338560886286812
338587819514219
338682466229829
338725072870286
338831499475968
338842062793102
338871582901640
338873002796226
247073008637967
334744620026906
334843996609956
334856539994683
334871429957615
334944609924018
334956343263428
335053246633519
335058789954325
335086593184196
335090529847771
335175056624142
335184879957930
335262559907440
335267699867899
335333729985130
335373166504469
335394259816844
335397076587640
335403666564767
335537699890002
335563779951577
335576433206374
336855986362402
336894709672699
336902909772206
336904976347514
336976033014305
336976893025160
336979466446338
336979486341036
337004123058863
337026583002275
337071249737049
337437266273832
337562839689320
337579136409202
337591012936072
337609146252605
196955950320967
421380332467
334006283303574
334093393396959
334171773391462
334205610026332
334217026746587
334217523295823
334233383350076
334262293390893
334301373349328
334311246764916
334315710047045
334367859980664
334432893246335
334592343338153
334647106674020
334667046655158
334690983350655
336175339818302
336236936415720
336238066407464
336335436489691
336354839788963
336369103178895
336407206507813
336428716493889
336469836458513
336510436452109
336516509722194
336528909818871
1464932177123316
336770239766031
335732183199744
335793299806593
335813056495834
335841803105419
335935686421907
336049856536815
365278356831175
365425423505264
365537163545721
365810616790552
365825140196276
365849606882140
365857906881627
365958863531669
365977023470841
365998176812988
303102539788647
608388272533159
366041653518716
366054906804198
366112543520651
366229073562220
366253376804899
366267066832034
366302916727530
366384030111458
366389453505409
366393600097123
366501043431548
366517126798372
366633073371857
366672670037975
366722933449537
366726180134670
366729413361014
366741593398612
366758913380129
366807783397997
366813183439442
366880093397976
366908280115777
366974890054918
366981866763666
367023656734095
367053823376542
367148470059146
367169726752858
367179720058475
367190050116786
367279003377567
367363576732993
367378426675971
367408863336854
367409013425232
367481313381528
367481533325238
367562289934848
367568053580
367591803252316
367597556586391
367692503313278
367762449959502
367812766680001
368110856614146
368168176552288
368178003209805
368186746536410
368221920009911
368233353294687
368254523304307
368265819984083
368283073289964
368352933310962
368458153227319
368643093237491
368646843256349
368659469828882
368667726494963
368899209794837
368969216561808
369022146454805
369069686585082
369074276448017
369164213171631
369354216474283
369384889843054
369652689875731
369695546413794
369785673096957
369907923119164
369925573080948
370046239774643
370057723160420
360400294043734
360457749917
360585960751635
360624280626938
360679214046833
360710574007685
360742893988109
360905140698240
360962387338158
419804321425574
361002697362756
361013720592064
361043503971846
361097517257021
361253037292306
361312417297000
361518207224317
361522107359836
361678233971978
361741330529019
361810493866343
361871093849971
361889723823240
362081163914868
362115167227485
362177923924016
362235200575256
362406920524039
362427297322
362447987240422
362496003887440
362546683916334
362600127157395
362620800498659
362686087217506
362736517193432
362925397168545
362951687082016
362970367071147
363024053810768
363069133838915
363076233795252
363084700415113
363192720505881
363242660479352
363404443703273
363557857113059
363583078223
363589610384001
363625003697130
363630070379370
363654990348594
363909553746437
363915567094198
364073393701789
364123283713115
364132916954532
364285303686643
364324497040338
364342083745635
364398066988775
364561076915007
364563150320279
364848876925752
364916813529999
364947033625651
365143840185160
365159830169569
365262250280603
362819800445026
362820303802698
362834323747169
362884940390900
360351930669963
360390550789766
365087516989400
365087956951951
411988005574862
411992622182345
412001132244149
412012615561086
412076828862390
412165492156727
412225728906744
412251432168333
412309812216728
412335178894247
412362332230498
412363085449945
412452498859081
412567825465940
412624692117764
412632698774357
412642338849829
412687565509451
412929162160624
413054502171064
413095122095795
413133352110404
413139572160409
413155358726342
413217438722447
413243225387367
413260635436751
413371452108103
413476645425439
413755975437106
413790088701155
413807442080387
411088445619232
411133979001830
411236938917593
411272718897978
411348025591876
411478238911068
411533348901296
411811735577441
411811802293353
411894888924910
413988205396163
414170592058138
414321932012162
414332691994859
414414285351001
414423725277365
414549661904978
414566321899360
414573818598555
414732995240128
411044675630963
330406743639172
330464863724499
330515660319337
330625780355978
330666270287029
330742790434777
330800213706651
330955623628556
330964053616988
330972610282048
330998333605512
331004380335886
331040803717231
331058363625575
331081356945994
331095020358616
331095943689776
331101490363215
331138550290940
331241497494
331265826990044
331293633620305
331331456975883
