292041297562966
181145708592128
735705386448356
274411119318723
436781053017477
1426162650984081
104790319597542
795055420539686
136041243267609
273488449491543
114936945252298
1389510861287970
198121796867335
114248228652359
164323030330388
352628348091797
300331510092771
752013548156656
582335568528103
276174732426475
299996376779022
305853162886203
315322861890507
115898635195742
366100106775602
141633462563593
198821506950349
141833212498457
1578665669031269
294647360564224
545161072202573
612067105540115
305530736162678
303007896439642
547475601990283
357157247774889
170530653071786
372737562903921
166665826715596
192629224232066
1402983286585910
504056823019549
142128199220169
582885885124606
428936657131105
218877708234915
344087309030806
398668776933678
560071677377361
1479340452294035
302279929928676
108845882513904
240800982617985
432965260178073
421357537973951
298236340270010
515880621858051
325736650806192
574189335927136
404559636348341
603325079732256
158124074391455
534140103321151
170218696363793
503803499702781
264350010284589
421843121209299
545017838923720
122841041073203
203836449785871
215755101858447
455895067873178
652892671398396
170464969668094
244400855579680
244913068914428
261010223922420
204728472897526
211843645611604
518445478232703
193707980749835
108668655874503
364577100314329
191116934260585
416823581721126
223272821156050
1381292375462111
100892393332877
515223345226461
167072446644677
267765690088401
216299305109475
166204736773431
262147373951676
110946848931477
482726481789719
398646593511700
210961795651917
366360163463972
489877521047485
107923209279428
525021917509275
177407435640682
450167321739940
230660153766547
667065683354087
357512791025131
229264713799595
216526304095
122838571097214
1429060164000537
502594279870752
161766300551626
1535780830002993
384401151606366
435427520623
679010022115120
204785506362940
208283305874995
288976891173608
489026561188153
240768579386328
257824206193
578471992229778
562073690541765
119295804871283
247488488745317
1449373061948769
286861878082902
328045777243963
232977180190083
186292294884179
249294781763360
544418338976224
438668602816375
452298098162816
341770472526967
332104906827368
176356859081445
122327004609479
401558559867482
620043731377022
233753206641509
641812572503291
166271660238306
336457473039350
392647704194955
200280383489647
329338783749206
1468537740051179
285383334914386
578272888905499
301050989914531
1437212319862039
110396579052845
1472996822933114
412020848846078
255632274596739
342712302524577
1490224891209665
118432424999650
183188578437017
605643959531632
227557040630594
1431317927095797
145260705543490
744055788949656
129407127159974
831709543511905
1423485971230834
481660951888196
477176512363956
240623992770005
331008503601694
470775889644060
664540440272727
143890875699255
247267818787360
324772160999842
431286910282654
190310801124560
1490148794534319
757381214286853
314396975280110
246750645450162
215920918436162
199849340189199
378498468859176
374954802631386
618196398191892
434267329965996
148287948672928
432219593547959
273820159452056
206393136126798
212774175538399
177386965637273
118621324919895
696545747045298
259383037588405
190208094376153
219370671483101
302118199927054
557177070971477
106736846168108
411981738842760
414363572036065
295101657169390
132709110186252
193136164181865
217403628428268
257273791082154
148272018560970
104395146267736
1508068259409170
225282477554876
181354478701286
207238406132649
686391198069182
212033862289010
833467283334834
339807906081606
191916000994011
1375845675984300
155697110768
168788413251493
142425049295664
310008935758130
283210001701787
314679658634750
565858370118243
353466374743727
187876467950544
278725492178301
547736095277673
1465139243722216
115439788504906
605361319550957
443429489025732
465864030122611
389291364418270
227382477308777
513527055348842
450436138385529
223996170945241
642863139062077
205731302788321
170922983095
240061909370594
377066482377540
125893587438285
191482907705715
283147078502626
338185909572156
297920856993229
308441342642967
514207905274436
142533639151655
386114464791418
397760470327182
379844298847689
159230970787147
115884368423136
204319786395628
238181146290633
226472923558
589873871086096
276851792487857
228667100615275
386494408092290
111324862371475
625192744192069
404524536290112
34557807182
635583956487283
214302375048
280835782032604
192441684254319
466709073393077
432981633510893
101690233317144
237315096452918
144794145712952
199415843446987
288558514606257
458232077594822
738143249529590
198639250180842
123941248902
700618039969959
472336952900441
109317655787982
716883844991496
609511675776932
580342108695060
1435920713336365
1588842388018428
178037349046159
159188057546997
381579925288916
418876624851745
138721146315423
461192317274807
650000001699518
1399025496995138
188055221233468
496075557130406
296508253804682
287913711279836
881779491840649
626238014065505
190189294371525
266958213431937
217970638214850
503899486350983
276670085704394
493088764151400
130353230440242
324430627707622
336264243661
468619783175332
471338016236124
160574170626716
272229426301778
548083851903207
586457504710958
597038610372111
362490687122722
1483056628607538
216555388497869
1483301355281060
242146975951151
223336817695491
231987980290794
322707044491125
1486597034903727
214250041978313
248982591890350
598834953462423
447254305351846
147294015395674
254065617979122
626913967435293
440756905965214
130669213677249
463496713732824
174039005999913
386113638132978
240356466130498
498473846905782
211339235577613
506993912763328
1475271682698602
736936326328941
145483634977
653869608036452
547260691951725
1486625071550444
209160512471886
494282577259691
365621093531893
146274342155459
411646198968005
149298635123584
136820023476
613999855353918
360508360732930
384287828301207
413166005411260
400617030044380
1402766329969003
126522717365819
149130718443075
300904123279582
172369459534
114994928581301
611191598892888
596170497175331
247741415248285
343912499115155
458858430890114
127739730637149
1398838283661964
278476782266627
138066376342039
476665239022144
1380310098893854
252822138208793
573396072748255
470118849672480
255500967871778
289048584573505
369553233200027
157371444279313
366637323495904
1420457904886861
182668531765173
114963085267628
357693197683843
475402652474511
531661570243470
694649657239667
411152738919954
459617340789193
131382313698828
446640222048896
1635531033339763
522975564391164
385373154871580
317698011648373
583812074975325
166117080234459
210762459115896
1438280273052685
444794445600007
307523072635051
275073422537117
596719217018336
217099761821519
1428171184093140
225098927518830
690205207706389
504289449624783
537076499672852
730444600333770
392166817591151
227982283891951
110541385673143
868874623141178
365623290208027
384798788251573
176040955828949
1411707739126651
177778568909948
367157816723752
411223952273798
234033206682149
537440446318071
431547786892447
424565034229202
150188328380371
176374492425290
470888046345037
584757944880126
117875328274742
171746779543568
1438793366363139
201876339968254
185940094901299
238627086340757
449897595122222
152740841582473
481760585256847
112017025549573
317215408294050
199879860158315
1434226240131744
128903693934981
176271159060596
210927165589435
445029478964355
175551565825204
155733001219795
421375797883363
457861110903316
362476967169035
412516305435202
129096873925371
214186551928654
210069885839485
454916971191796
345034362173724
147416635452200
630103843670393
512042422172245
140207316103132
190113901122916
168982109933160
109001635849638
482653201810827
369445406412270
588630507838783
1435817683355783
529176003790250
224269207599402
253994268026778
475843139105295
351415068209691
782057535192494
459047514187201
461844743858893
381580948536425
147935922062328
450075021727536
603885446293318
157205637767636
519837158026392
440197436037405
322691834512969
550632181622657
245064302282597
270683359714815
555506527822059
173117599388954
486350864767614
320441233788
455113651204328
459116627512359
394911750601876
215550645127031
596673693698104
535156639839780
183625568438091
407444706037876
484463998297451
419677418173302
376520272391434
153047498238227
429520643755986
487306264725046
139858752867591
205814509442359
174108292714166
523203994413598
290920224308885
373074446188872
594049750635247
204824739684760
142862309225619
597069307020495
147044755433503
393987097325732
358725950920530
1399727140271042
296288150500626
225468097479594
149102721950656
111451658950877
553248824767333
457177244360607
417364655020999
454977914583180
532185033477815
514969551869442
203585836464767
228402170507475
236695703051355
352875008197607
380286642060752
180063322198395
415933738465930
379092732202175
643034689062973
697188493641774
1415335905373430
132312080127791
536462603035347
476113482491766
223687704398345
131566176913348
1397428140486912
226482014122712
573275616047305
266779603496058
383094358455237
186154051577857
286708938142051
1419197314977693
509899389155978
458898027497565
1429559753922818
301719156520663
537160679678834
515037635182695
197019603693907
449331641789442
683648791681383
658643414221690
376166229123392
445899942161112
486000524854185
296069053862888
501752199938368
546151282154017
456424674499410
1448845915384290
454754024631133
146627608809134
140121529510764
668009603288753
1403056279961900
466653193346885
580246865339469
128647050642356
614134385369301
758549927489428
374770672658492
255574001136038
197906350376680
448075045287872
213465245409723
174753666014904
499450880135522
118310471633957
469602399796053
388792347899804
378199962299815
240985859357184
169623589762557
213687556436
508078232563916
1547031028852511
490042604451853
127076024030130
481878098498402
388386991281316
1388343374746970
166098143495316
1381218255509554
191868760924784
595156613850288
304426066333347
393138867441082
398210656877249
200970673424540
120919028043175
641550849193632
271808172993916
191607744339717
570483572996225
441661512524035
135119009909794
185592284922552
262251077291163
604763856276409
1539554396290661
117506935030630
808330355847476
1431180520496578
234150660097551
381998361917972
288408454687044
582861041758813
350878264935388
587708547987121
302565936515627
223205107773453
393271930739990
542725572476667
457979194265118
136861589716024
124138224441240
328333323935936
398965320207782
571495679559477
144084072433944
174632436035621
252953801566742
155924044429161
361555703881546
140768262731288
1413959792193264
192132000812560
263235760400454
408610069158117
716080101740209
142471969229111
143349709150393
335460613210400
1440544592878374
174987696006793
324339534423770
280734821980082
157430820953608
604659176251319
443239295741663
613835938661858
439737316049664
530535697047192
653051984754288
329391073904473
910924535600297
853041818058154
452901728127494
441796419197139
592970107468002
553251821396910
499938646687644
211539525557906
1402184696718752
395037850573698
230437367012335
174425019281904
378101015556569
1405849886351173
100548773435591
148597698581138
254045868054000
587705184622196
262260140560557
205015329654154
434014903372046
1412395088993633
105784946163609
107504619435015
250110825105559
384206641665980
165233006901038
503370623047385
458883254204867
140496882818391
256899444323582
446670738707575
261972847235215
192276414186528
383060418451063
493288920802983
395044240570256
388022057907466
322565521236116
240527779313478
209455769077055
206532442838269
448626278588424
626760197341889
406927522734530
1388474578068786
422463111146473
360807240708776
156012141271478
203268283165066
401498623284363
240567086106447
843114902367171
564243686922158
265852636947994
418735104871729
631516143550000
184851831344
445059745602935
139185426267840
146453328871225
665549653457500
118486514964529
508528272515448
409809725775390
171034046367880
616475805097718
406600282738950
482525551805018
225371920898934
109588852523623
180138162025695
150498648442551
374051299437642
278751172390
331246413674358
871611716222314
393687490664775
1547698152121237
190753767682363
287338481384929
143599388544
688129457882176
154390178082572
164390156994165
264908506965557
159946824015906
719744098112927
176451189074353
569601159748199
304160809684631
175617192619278
508169492581587
453599951401807
278026128874406
304311842914298
331348850331227
151073438393604
136430156477539
241247022683202
365606176883346
443414642400954
295902746511
418594598182718
567947179944167
574831752543680
112906647509
1393112924320989
292493174118944
379076098826101
315294921979844
543316712461626
562361370488186
384578321604870
892244670789286
346772938757293
329877747068359
535787536519057
179211162230694
163741097119921
270442846465163
360555274079810
128076334037438
1464290657140804
289405971128274
441384049288697
180404985413195
546424748720485
682244198481142
157812097746902
361637900567321
1415070492109807
356715297784166
831287220219316
283080105203594
1391302007753859
527024677345889
496070353869826
717059824996208
136830129836587
183290171727344
179576502125063
600087200089656
111420542342183
502202029829399
145079838893079
218909471463387
295595653805051
711556612243771
302819026395124
299649063389795
156865601015614
132544326885236
194609294005953
197282893786327
136340599850917
192906454104727
121548414553704
446343618788706
351194931617642
126996993893
108499172599872
650456578304745
381039745279799
346501418773977
441718709261944
105821606126992
305984852748357
100333140049301
834216759940080
221855877854119
326957457387799
155853934607358
1401215850149259
136743559726940
435847799790100
529588400457393
388310437864199
791721684200703
119184121591364
353797454693012
175120935886459
146862748714530
137418819724409
124195974325089
541963939165737
158058227713543
1380529772169522
121417461211587
290807321100272
255648117833112
381513105295029
233932120113016
234090813367861
482066278559336
261882137173947
341209969268828
106514509371929
141001782635636
1465172230363752
285198318309760
195241397296457
261265677355134
441144652611782
350004405079842
588901974477739
314535571932855
535870499800712
626506830778308
147608565309835
206858142778336
413406732166541
533859143426954
308688025857206
504613169559034
433879509982076
246890268805462
272282762898652
176087372595226
219315774884144
302043853277327
574806792554281
135316186535192
135538703303152
152712579384
1418480291726507
153599731371369
160652463989798
197125730414322
434320749942575
175148452535122
438609906178549
848239115216051
504532326299714
447599048605273
491960724148769
455604834526843
601000439948021
629176590460152
289946507777534
342847282404221
1424828124433110
140045749398649
1469490053299032
1440139356223804
1457159494556377
428312263852742
527232994022663
124215544456144
556093974502383
245370152156350
392801830848956
151011431631439
244825512210330
406270709384003
378400088917674
276877619120237
149823755165805
290217234504758
238306112959127
122558887802616
457294130977903
134782396592337
210490722314426
277858635719716
490605764342129
170796749720878
216749671862463
529989377111336
654302541246937
154730791209360
190981407759097
406994239426189
504139979633761
131067083727225
170732649779489
931717960188130
348478535251654
105094272937556
422501154514911
259581497492668
1514929748722391
172426366138395
164607907071032
122318534515894
210103239009528
369231539811905
249042831922519
215605555123611
632012183477617
124391697721234
317035991732294
128080393996138
555957917773316
534609706564147
1491631231104886
249284175211748
197276773629280
351506544943856
374026546000688
267740413370260
358476577522591
172578509581596
510936502317815
227691263909490
158450854323673
193661507332795
193078520726776
641647142594496
145243855664509
142763049170336
503946642988037
276330082531145
623438194366109
509116059137846
189358551194495
336873039747822
374847115933150
102850056592610
