292151370823002
207902419234062
450896641698771
220895487970670
168609256523758
552040584848436
1428418430719603
199741636771098
455570577805356
419928711433960
186034394769383
372023009580943
254973831358813
139011882833125
585462978159337
123425047783049
183292808385037
304400166309347
120173664821658
169511913106800
477928259007588
224134084412968
585433831577950
123511731134552
538991816181150
1587065031539164
108876112563488
161559337192656
697405346965540
361838310574574
110900412309511
276532875829035
497752156983985
100811426719844
542150029174860
476082469189153
487422301310139
146765165387084
515843321796928
198900403632384
570902243025629
307394996057672
240522122724335
228810613991463
498473653581893
218987688290937
183935541791596
226157804223102
216306198379908
156193887523
159941657380393
197166133634403
474227412650494
1482595552017917
291220847601601
454638387920140
254056031381392
167418313339374
647665261933480
294966240618094
1455576401393055
1385259401694384
167814846684082
124930294332289
318442508242766
555856037830640
178873992309493
558596960877932
167409703288084
287882667976631
471973449611607
788435167911041
119459068064670
391240060989877
165139153569023
290113691189906
392484047574825
255767001261593
337577266262622
523886024323797
266525930063050
243477302361788
630173467014646
222356761197017
209552369224671
604832592894667
775675759115730
361927090602950
283061945045686
355548464490772
1377903385777487
586350988084092
261381647345600
740224336005307
261808564030158
1422298644654402
535396063206273
1407035712875001
1386949571556887
1395109064086587
437922952933217
426851927435102
635064733206060
134316923257493
566825086685283
557962160903317
685117254851817
126780010677106
105580809539463
719622241391561
1516075248676355
402574293214565
653390498008005
418239925346
458173140894189
491277734258678
623417424419100
536981096321092
198716250159336
183082515058769
625949484095446
150393704980678
491670114213891
365249460256703
234843123313136
137313126444197
361988897250607
122805224556452
586725998034076
1436657666593339
834511073237558
244838242307111
117130985378
1501308880083179
261795000514327
141539219240406
1397395167170893
887669107915251
279161048825692
668596533153543
1515196865366392
201650020019388
129300840470755
154526621338654
279236385496468
613842325318449
675843912465635
899183850099696
165906636910786
196522087053917
323613334362315
146256078901640
123930814348997
661756580502003
445787255498328
563323783775310
393722990696843
284255365009191
583610355057681
379063898870752
743935345641067
105551786291373
228718590558618
180667888649133
125073797658928
612783365450195
1465778933643173
104366703044358
595201327186623
150509318492378
146320328768245
223100374554459
606085066074460
299226766933156
118254514925277
167025463352805
309697292375727
465519013542256
104812509563216
183640569072
437914329616501
613233932030541
1518911424997704
510838565671471
310219125712640
250310858431074
121170214622569
410658405722518
205745699574278
275439782633228
573026302769139
137640756257988
147074025311705
248008915281681
1558896837670516
199222840203242
1399579110271314
139739709381604
409302222450711
240635609321553
132251163536586
276991665662615
143383805725127
462696147138326
102070353248437
533667516720171
1765356083603383
387461324728828
508478369205446
115092601898619
215631015305417
391618160935902
464875823581585
666694776713398
363698550339375
123415987825770
121823554631826
374493979307753
162731013887669
187135831351705
711953802161022
203121369726878
267393356678508
175448209163586
320769027948289
329162900517024
496515847095076
672486329454285
402446253190450
247151918668893
304245716266538
185630624790809
432460246827585
534289493349062
285043138278186
152398235310
201806816498087
112295342181143
151248488271983
142949805768414
186922488032238
194150480653566
157278397798197
116498255096776
733349850022370
152737874906164
336381206515452
781148165235269
298116233619045
431329103635982
187460611411965
1550495245162300
326030877530962
101953879851941
157699341090252
553711121326568
381485685214743
510680112365729
537866282946505
159167010816398
219590594733481
488395457906059
601577663193035
373789866042317
276921289016225
249762421876360
531539306870145
421925231195893
669167299809525
217865784895186
525257977512891
131565304269
181487358692397
483981921713647
387046401404610
141515055992352
202537576437856
1394148824164358
147253871976785
109566699080903
192376377495042
1483098775236979
349572508501552
863526433676837
666472566734417
422018671207364
427291884065397
135890506579885
1436325699951863
146079828782803
554826177901004
244214405648175
200579681303
650154598330469
1404538153132047
1393294754219153
540788382605312
224011974337935
576910752343055
464843946934245
264254623630113
167618663347849
1422379801315343
1520743778174244
1454881618067075
420991548057046
210073292359592
318465694943633
418689311498743
758562980855822
377078585662213
233500293362431
210428025731361
480725395351124
10150089110710142
664303376929047
138253489701767
499012580181164
112677642096579
119409358237287
396983867073258
235601396516787
457122781051205
207834755968593
269528529852374
483350778370874
245501886774
125146537553788
227708543952285
234218630034135
612341828790362
566723620023471
197280263624415
128326857367613
606791149421137
328441563894997
690214741056209
495113373836837
204481889577251
187083418027526
231011593687938
149489021816741
671223846244256
216893378339464
110237849087738
152344938305649
487012828017151
342024705809063
193879173974551
1419887368243409
311073538982004
429588720427749
169096333201282
424894710952724
135578693206167
167855666640204
451686891557724
633538943356916
150810531603732
372467782832468
369227156530753
568217796558397
553461861363582
1420701811523413
290030397678356
496543263716758
296312820518606
642219132497181
104340812959906
169478259754109
242807472547335
632838503432544
425591670911468
263935216970725
360275947357531
124308127646018
335424859915894
280291315475733
1413994562156061
326909054125091
244838855635348
190717871026508
213318922190711
463767536975179
494871793968664
126005244264487
201557473269366
109869805768527
582758258408352
357235814290693
146178078773111
360503644992
243192205761084
321713027857177
152545528246376
135898716479874
587970574571928
458647920843537
397010380373873
166741863394382
478412445586565
300668920053132
118532178342450
393528284119518
555957427819022
366427433424847
186254254744420
149685295092351
1429403227289481
225871177425165
195459577166338
126430667414071
362705750433198
227053300683448
195756060452573
661850683826063
299111383481157
137651789756448
245985515440752
552690908099640
380410458769433
181069248766811
390778947712012
328521817268674
533022553443385
167610596629223
427472814034391
300914919954808
698487290172672
213350592136405
1444688345778151
655058507889495
623740177721122
232834453535436
207815592563606
431312036977763
168872786489701
532473546795370
1465875920305592
195401833809577
313012955400881
217875385839
617485034929345
383300718380015
453660661378253
121860016201
1386271088303444
345365235629704
337594332956296
108527799321011
414118541989884
156727074495642
511246492224012
366300860137458
201635059870915
108715879291022
481075108617006
340237119439898
452387748187147
424422070995338
100733310112645
660776383940084
144701712241604
203703722992543
217526135058362
311291709006436
174450752708200
522015891193918
1416275908632753
124960474323183
367058690047906
489816307719065
401504466584504
296716917110816
529458740466187
691634947537788
1430222313881231
464001553697352
128525620529232
494589600655350
630758226944287
753283074689223
176768789024394
513011762160273
187524367932618
142665645920102
207201179403625
153993504656516
460816333971885
188227354716066
1389503547974866
274011582628714
137627466312946
219988118140573
226905137362458
1521245631464924
220140511466013
605307822827542
358771894161457
302422016516906
133862990015971
124932177642699
122525754444275
589700807730405
134621756681452
464314246940385
203188666363522
104792303023508
1499954463563166
462322940468010
477953028916142
194357194012977
101716326701445
311473195574893
122912811212776
274975685972358
617673488260956
252562101448724
248101123734
102133696650868
202991616504620
203810892966000
508884309161424
1436623736590052
158158460904595
680273512002992
222467541126967
418276718228302
352387831495411
789459491065352
185211581608545
311843152247932
556130094445796
604732149537768
662603720419811
187412934760326
733196220024161
467224073367479
288292324653531
525316450840340
196544880452815
443662079080788
417478874942425
137321456377422
212198914251
400108013379909
278867598920865
651349328213858
681999925193976
589797091070313
684328374988873
309747059159574
223825581026738
195329497201040
308712542484852
198897833474979
191839630895007
1431805433721387
258515594258949
126856407324497
269763143113755
167945586634613
489419591167982
100569523347804
125672937639968
144506638945090
308300735850869
436042093100337
303235706445299
270775779637395
1500032746879587
107831242627444
208449385985579
1409483692613618
1404484619767292
1497640557181120
176072085883836
130823133775161
542298069142643
1317885708351190
165870122877
313063751843
299417563416991
305945462765573
423505414331016
191752767536278
169508753111854
137815316359783
318630651611317
351458811607128
452236288120689
566369426775495
208419535961875
185383794836885
162942690433069
186657968100543
557150591044671
240813026020786
1410627292542856
207696786002609
1449297458624036
128091420599101
138640649646825
231215493591532
723890517700495
255478141252769
168388266682018
193807237440246
240722926027118
1554018338154780
368876123190094
500153023402689
120074528078890
1375813129307740
195159747161250
805109429556332
113696892048994
416415575040172
382301568575513
1415711642022968
145983502130552
117897118250544
494939730549171
616960628315001
209177585875898
133922396781617
123616614355212
313773748813611
371903312967
244841519000138
273541099521951
145725295564775
147240228782252
510593079014174
272193052877515
279922235374783
516281041736418
1398690807009419
1415859981990698
266203120153315
419874688085304
621689004586677
374921375940172
221827611206753
176950239062768
523992151038194
263848756965968
113402058754354
233108546765605
497306787038213
169936803067215
126599624086720
170230619702003
279505948785372
278220545625819
288129477982930
445719735484848
483469208410960
109994435699880
150873218413011
108005365946047
104850859597886
644669652231173
192642420761252
127828697398397
453296338034496
333293623439852
524938790855971
603824332963838
186642281433732
537768152925897
743206632373999
304238299645001
326369827407600
613603455333905
1374638482811612
478426335591381
168318429938678
565930183506076
207813462737530
327535917353634
619314561433447
156798097823164
174715092548228
195859070471516
390891450972334
508838615864701
356003171196809
584131068314139
167689302326
224146817618874
145656035481297
222246577882185
610913205691075
175078902648255
1514976338730391
426898150743503
170665332976429
119983378185907
344051255690908
196199350416915
642234665796446
400079280104737
178531722340596
186348281531184
123435007854627
380158338690695
139926612849206
566997950005885
793334787383279
122701901074620
404348486350093
612651948784465
436977256420004
102519656480400
112398005586616
239108759523852
772692262760580
246276765494902
716775108345282
259432534185198
196645592084
339574786153545
549918745052542
586325044765327
168802049865702
580438148674917
165093673523167
141070699341968
196382607042610
121012638069212
665762790102620
163790940471343
198253310186535
159559617490977
372871309435629
215620321833810
774558972557787
661373640540688
1494260707509966
679535105438830
1424524304468309
203692786339370
1406812409558992
130524270301526
597784293615434
564676790232658
585216968257902
506858122732038
157523397705200
589571337721352
183289631720310
250774785068609
160899713971374
505268789495393
341640105860707
504259452932641
238995136285217
119258121572664
661884890548393
243525669121740
1444918719065100
146126848775038
169529319791036
267976466637052
119127781507236
114485855301830
589120481123389
120868811324093
1478339882393751
333962760008160
145795175431277
189395594540501
201712756539104
212456232196421
367747999914229
257648977739602
560593034052967
152207581481235
627176473976900
166198543431641
367000130080290
430558696985920
404992802884719
454852041220856
354846284616846
424320851015841
148830688503414
461711567201958
138404772848271
168966533155231
146343615446037
456192741059268
307265726136262
244561618900835
142084949283877
143501931492
156251151098329
181204885418750
137336832950968
182365001805401
229766277181164
303067126428718
483638585027618
105516649514014
170022749742901
129292517138651
142402108047
135867073140530
158816387469208
714208212027805
167555666637563
68657878077
351089058271793
386771574744151
556333554382968
298686850273820
331283116893760
229342660427691
308084206421
161054770621633
1410391332571322
704095262975293
388762414493578
146658423054
426119930738258
386774368083195
202431473135617
158959650782214
327490074048279
178899885472994
488954634506477
1505098593056458
419706398065210
251933984860480
477653378942702
184488529258
430963953666410
638760612884315
154876688045319
1394577674089471
246796752110038
222379974574112
335434326494026
263070820524574
722027371171322
1431159117143926
560375454085084
191676467542343
106532862837631
236024376561340
262635593825555
502879329821177
112134342282768
145145412295500
654426831241657
385340644902753
409675125814567
185434651478020
540534729307216
150832934954791
238380433024782
401324536641672
182373771797518
177158285688767
217510878323993
192915684145527
157834151084397
278273205649349
225297090951680
324693190881867
279979372084364
607821872609456
698281950195142
377320602365241
197569570261564
313705932085826
131975216932089
142184569178377
631440136870292
829086080442304
371976869495292
167038316775699
208193095860959
406817676102932
301949649842832
192215277579107
164401413620400
293066410726674
283425771822283
179608768811756
386802878102012
389638787805940
215453791969291
499378516742811
415283285257507
349565798500455
148105515250684
202753333085840
144570372418799
409114239189318
313877658663003
126492684062626
511923592169355
147919888741803
206404586066263
275366602583169
1424490134450965
149265315133197
604015279626449
245065482332054
1465450710350105
726976340652120
758107867540662
346303772116240
776546329044132
720291427989527
136996066456695
111328238945359
606313802764095
224934787568614
464657683599406
151847348331749
293149627435117
462860893752336
283369575015147
553477508022193
304440446325940
530148683663655
239815609537631
105409826296446
192821350749276
172343686290079
332683263460192
248295275273755
176822845765539
137359203097712
121066407930594
453831227991538
249138931803705
177067209109774
1545868755626013
452524388149803
467778063255924
145721742234503
195014024035871
430123630359397
174801389376324
702729809770469
1401715546714913
176218115764372
714214335341276
158296364221906
136416949757129
435501593238732
714117091965340
203968049800006
421430501306815
195654687149638
273979492730628
487980364623419
546247095473121
177295035733655
437901549652248
195437987159444
661239527260061
312236195528646
641968995916663
178596872333030
347662745250443
565982713449836
192689437468003
358926877570188
1445739485671031
500077530028727
544824245578385
229139393765708
516540018464855
139751920946
160730387452
202845776137
285536098130444
517616188257646
450275701700126
321645674548915
155468251187376
130233407071397
144223869652
475758082438343
781068895265635
185916641444085
212993662063358
185595424864874
134276834733
254093101281208
216230561722917
1401647980080885
329081607234742
375122099221849
652518301442371
