191516494333241
443333892424811
131438723620637
137364399724600
179120952262521
163980410347003
131030083723053
725110717586354
124741414375974
197045413678974
1533385500231420
212621518855813
227352827419082
511475455583892
461548380647133
128804347308429
169364126557428
173716612789282
149926435066492
247909518556004
364944040216370
685635918182969
492394677506212
348595561849240
601577559900121
1430056637213853
377507142273408
288386934606573
211123858916789
298652646872268
201665773205806
106338426160216
615651991848631
495773877102107
115089531909186
1433290376897777
339607602756485
551962914868384
1489311858020292
347689968603388
158264754232843
195745520627303
631030710247494
210992855667617
805459179481056
330491843635070
523978577682546
365638763460192
436645986356682
1491429581089583
478283385633515
206824702699321
389282287752005
499392470154801
196971907131127
481672858579506
820309488002285
129391277224015
558358900863345
599311230090484
742268492464315
1437140843228379
100560076788555
217693264938563
667082833318836
473601329329768
141796592659363
282246571886468
490320271028598
562273090525184
585917098108523
155109491214408
441359409303183
123835091020321
337654849735493
336593296459079
154395254756394
484142084975704
468839896539680
1439767472959639
1416400231929123
1405219743036520
128792977186768
1382995715272719
145896918878726
360917877328557
496896627062565
180583908764839
150595775033037
548628088507761
540193752699030
700329026683296
221596927987500
235389389958296
124953784254657
501210583314417
1449920345238663
573286329371258
549206625133545
253548241481091
168546319902358
479819122095066
341884229272181
203666069647387
214812198626001
577390505613717
147245628673072
1545543345663410
396510770372142
1434921533409719
771261999592831
186435294839257
1483027368642915
325868260837449
274781409354913
208240292653606
480809832046584
106044442838449
253559387999303
218389708213508
473407459420903
539637539438659
365549023530569
402759849743268
1477525752519618
354232427922606
225758617475556
305329709648020
271515693006716
317796291650892
686537028085515
119398904808050
1380904582156288
590993257585810
127479867376752
347012852015924
177548982290658
216333085189846
592128827498223
139816806224069
210867872398122
181107762409
522582031196107
231981916926601
323973337670201
527557517320497
249892115060730
548613898566793
335713399835280
509256239153965
288916007900140
244480665747322
631236593621404
100105016738415
270154116482053
215650161905357
305052462851673
383269005048145
223507994497966
211977282182526
237272076306561
148048572066991
142802849115134
269103556618126
269591683067836
623898264318386
158598707528032
588409021218780
253968361301871
138937559623904
1459191750967866
349741518535794
268635646999
125000254252807
281485361953112
406046882773897
203158053195248
304085403031417
180693652064391
160196890842584
377346612370380
775764462447884
1413522745579755
121165284719806
471207879608270
310787249017957
189472304435971
431816930212979
686510328101455
739137716126045
427650633920657
1396574320575369
497896150257651
557247517696046
165344170291964
451654988261581
327883250582316
366444543375302
421116224669658
713333772045332
169882683082984
218167508199595
269388046533835
500648350018403
731545680253871
1493831494193663
519837391388416
219239964900555
163859247132090
170106966497240
188566117891136
164313910290055
104417099694497
594007277309129
195843813790030
264360630383349
593317557390518
1423159647957129
1510737055819817
496248263726166
534800529908775
401474863289685
1494330217453888
137216443147405
578392972195212
488815781201887
584918124905299
714282308597605
655283817830477
265954843455397
291834934276929
404954482911183
137471389628045
369043893118799
202574073140932
1409989145891677
492973254074642
419550184852446
382424648458573
259019257546317
136868719772387
137908926350150
742117639179816
178302062190755
178191335606628
482626095158429
256921057816479
273261282748897
1430888430510914
198545666830756
254050164752474
187170457993227
405924689450854
187935678018766
1425878637628502
424407270978502
206354602822096
164109163775968
185475601586784
463970476959669
131764003521776
367892999958467
582674671786596
559634197476694
173378979494424
100487180120656
796866430327187
456353647769961
308887385908610
653658977995448
525416117489368
645995445454715
359968977496840
565757260167747
116006371856784
171934456329296
121517338031241
765086363514984
351499194915746
267442583395485
414231765302292
204289306284093
116025238472671
296288067078450
419830958127061
153749831359730
243173425774580
1384572461769083
411653232211635
597342620299869
1557906391111768
348118645216818
317957408331185
528310180582190
114950105345338
1377046615840351
122305514459689
125547567609847
495763480452080
125979397510451
437360109682462
693974197288282
444114869007865
1416067645282024
175841255916541
480416432029602
191565667542024
548782918496602
619938678022471
925343470815149
397445573619103
153659324694738
215138098524030
757992467576390
416694521712901
349237501824601
1445129332368574
433711496676679
460668954041570
331908673510859
742323709172197
180110832162776
620261297988400
139015969629809
141286259393429
265937630184253
268189723378689
351749044917874
261836887202775
395392577291362
313755802099019
180202075339576
286739544754788
165822240130978
544925372273932
229042257229649
292479974238325
468571603190898
147823635354505
192281310821298
120666551437099
130459317012859
609509165780008
359527847416823
446040145483889
354466448002403
161667198468
526275527487403
615417418469468
212102448933376
174001836127333
655872841097746
395526280584154
167931553386724
369896253044127
328088553990559
519639641399133
363824780360047
569554326451142
208148379221426
267825961841
825545937456710
1473991149541952
366697946796231
198757266805594
304711486313296
656349554385716
180489062154705
359005797521904
667868563269306
270119919779987
156061511265653
438639816255503
337161336394447
510054922346551
414253888688330
536740693024406
150940745101377
525777764187556
716102471774918
363756470363027
113282965364508
551067391622868
324698281008352
511539948946937
174256035951091
1435661760007850
1412672079018394
386560471466374
269303089903360
171058837975
428442000630450
620760767969543
292583707551172
1471598816397884
715380991820777
341534145977515
347208712031229
191511324292240
205479339473505
338739386202988
401888529844285
173096996068137
275977485748630
360617066158
395582897241279
193376247030
611871078867156
251687594917533
428473723926259
763429553672851
134115896669188
113524451993148
318476851628363
159190520790290
183755861659156
255165097946542
1588587644697973
111390388950527
487023121433218
274094949310558
295476760577133
292581974214199
314007808621822
257358967631111
117437361669814
597283767026215
199543843563395
178698705627245
362427147182473
348021655323448
152324011449454
103909416353989
828796763806192
229321070497082
206998219320945
446133828789122
471072159639185
173772066144905
147506558757614
162558757186930
479950228749448
1415950341989538
192640267442854
352005528207346
485319841513663
631398746955335
418655151574241
142136852482760
271566269603725
407977989264459
297035043691597
119663821432428
297342880371169
439170526098268
617019008322463
268347866644755
188980854471405
1469700109915257
220090391519336
213456915349414
565873240122819
774085515957580
146425228746945
148475335184300
173853748355
289153671205392
190835667728591
636451083110546
159387740920911
1480125702261743
583551031703193
1421865788042431
358001026020
139783899382652
244948848998434
198943553459651
225559744243595
191573370876217
119769858110069
406772952679637
350099448414689
279531346835
278154768947950
192588654277506
410169915764852
398348846937290
129161657151468
619260924811733
518400751559828
140646729478418
408109495885260
273047172832480
196697177074514
212261192142612
398371480247041
178566362158683
480893495363111
205529469497208
1483374645269194
410206795779968
1556694427904341
382928625209201
704397936278126
644320232299686
153172628109024
184115058286014
340695942725327
295271107230526
123412517806645
197296513687140
219208428243068
173356019391336
329592197132792
273463226088227
200292200126536
284042121731105
1475882886007976
438256329558657
1410808815807285
114735125229159
281312972005783
162436650484971
153378671513644
131803740296622
236752009755153
105028743004266
746264905416671
210971572344496
181625005212171
209233755855083
149778878492533
1550093365214410
422907047752880
417610671646285
195964780473523
517197378330494
545490942176561
118377318371512
525888230771298
126764577516392
544411922276870
336022039823376
321561144575940
509127242509268
384287741686466
482827878426516
245431482162284
816096041740643
296652003694586
132679753468656
1028018803891551
450000031716390
480999635319029
478463432230895
896290463728092
141729413903
181623671874974
679438908779442
187913327986468
326658987506774
1391734171067322
294780727284735
486905671388440
107872749418760
483315921703905
164467140273394
1459833757615823
522537121177554
109395552534156
348877455215171
422942871160852
179981395374350
418165924888671
679614242145716
341336216013716
701001679961160
1415557412045586
1403271163270347
208757035809364
416364541781739
125362514236
418695871522458
338346152948587
112015575639642
481381828580836
534577573265285
345557745499988
963851526961520
263780683788191
205977526171846
139208172950078
334802999954082
367612319948087
1416278628589999
796576743716106
1384354588456169
262930017157898
214140295385636
193748531634
132738566874875
245995822230922
145040402356198
139661356066446
635382719893833
561499467201457
515814845166166
1410664582492369
261247247261716
551899528177453
386375414797038
101472119904216
190058744519202
1399056500361458
228435520633011
436677043078918
207808239353913
399300096857679
179546125583716
1515999021969042
231112526952579
185739241632447
645168115514979
446411182054532
267173410098067
1378520252395646
680585715331940
143216672537602
314721131998739
171357369732070
597777296912648
426697100701902
440133742699897
261060887376817
212535448787939
731303153557596
178740982159179
489321404460855
108448319269550
318628892139
125229690822301
1270150676459717
349295341807948
342607989214733
189267621232659
352824838091899
198310896973379
650059751715899
540743785963667
270258153102025
478652485580914
159190807465712
349834265160214
136891169731635
218325339898
323984317669217
202879683066374
185545788166939
137064652999350
442864345809421
728603490493830
1471015546496414
415321098566844
550118478344729
1411824749065426
246711135503907
177932232226435
146749865462452
462835093824345
229803017193838
135793739865698
246721722142353
669612873059080
206262500228
430025787096352
514451598582042
515889388466436
643171012403803
594789963888867
477592602294641
100344430172676
164083386974256
1449499495296453
124843517671744
406504412801616
492269520811464
438989376150831
1426867644241889
590699364308857
149673305088361
1554603018012024
396767617059024
302350783215038
391312027558696
433063990083791
439102282827706
299572003484376
245707218887977
631254443551565
457287614346415
648208601865853
236779999785954
353773978031220
483638021711871
1442084849348856
389035311163118
187603191268583
129800433879311
106843709499134
473799926013516
566553753368502
403330726410292
287230271394284
446459168743933
436590939764310
566996083316706
529286510470502
354149841356884
116272801826846
1408030656128965
443591199018906
500559326657578
773945775956071
541148829290314
228488367298690
1427385240845698
267165713394772
1445447432351854
222370661115166
373708526036655
168988789900453
365443736798982
123402854524480
135766319892866
603273083047691
412994635388290
692399570811622
515729078542440
372120859539423
458097364266613
110962802371909
231497790194463
356919264329557
555328997911254
119496904799712
311267955562333
752424061435809
269911426455778
359569724056226
743332579012118
114615321995827
110795229055155
107338852627202
120150578055313
402680933194999
139247347569
401933379828356
289243111253918
362849880473074
204275132949945
501813973175227
120812131328998
158363040850081
152159658180494
370595559640030
395832660437389
177669032377843
1407764996161598
741489829243390
217734058239066
236085813094502
250003555075467
528622600503759
157251034319430
153804531372831
226288324085364
131634853670970
626457634080580
855313324520303
162493010615617
658834367519250
700788289952424
147394165454980
336365436501983
367250200063743
606710572697865
793575690653197
406202386109853
267451566688060
314314695290996
202124143156273
300200506796617
128899498671
166283410088172
233687080122787
366337026818334
350326135009676
421185141257097
434106260053525
206573622739479
156450821106502
242836239155629
175704985936980
664113483618069
104200263004791
558626140861112
151379304927869
202488733124667
164040740304063
531050940298701
665832086810346
319302911537750
1395799610660541
442994469115232
286189581465433
609749202421389
294218000606099
140333146026438
135625633311915
403856409733553
178013095583034
255776637790253
414364852031780
701892943206967
1431663837049768
561332070593368
395543957174649
411833748936028
365104286870390
438327082891708
119315214868839
549797205105837
570830186330394
503890192999470
294170570616294
162624810480619
574867612523528
490358304349468
754560261240297
438216949599591
464934013577742
565302293519791
116743718341385
263629163813592
420256948045250
226445974162843
135050384012
379230148796502
782448688447981
405440352924065
663022130380978
111013465643297
622145514532944
180736948768667
483062138413598
181861255193333
156374557749702
780663861982049
123131364554238
504971632885215
1483198058588613
621394924639416
459662780778798
113167288696206
307099989494784
354767431227844
232388696926000
164435456968251
156513937856721
244670382323022
718972131475853
212305548794870
160698113993084
173608372682038
383083858487511
497282703682007
515130038566677
477083202363033
472145532866552
214707175301800
1501384793440036
230744623607321
377861945706096
128833057287333
379027615486272
361646073972799
1416731355268201
129093453921889
123107967799918
1423164797917710
535433263178854
1494905484067476
360280287416037
468712599856742
248709335144662
133161990106976
147690678746508
183114215217751
392449960773681
372822146096871
208973635812166
125265600882020
549806011730355
104772379579201
332892640110167
131410820262008
1491560534435493
143980718959471
279167072095322
305985656162766
425456564158690
518246428214571
297170187023499
161469771283
400100466765747
488582677861872
750010805020098
160894574103042
180401948645856
441349505887641
196621097037410
1517384575147782
194201813928816
405048506260176
481048742041746
624594910906981
1469340739957037
352884624824262
155498747874774
226655104101742
277371322349725
424320044345110
234851996649774
263092980462895
619491508064231
705448436143658
143118902461425
1827301814077203
370433239648128
691420097569784
196589513702131
203028293107712
140425186158082
116768518400697
368812696628224
681447811926030
418555578186117
503867593021609
612222002132142
479775415455587
696006790413648
364928540284634
141747739359337
156069301264356
456053397774675
307134602633307
309276845876264
515559255200310
418387244936262
141315382595943
321176984631985
410360049015266
542831272403879
248161735356296
109056995841510
392777670803831
368835656488639
319042501556866
893209190696034
586708691346764
108862599261301
169029699814730
114194615279474
603666073000423
645838388772336
268347173313635
442198339157478
552596038117221
663219737042087
181789128662585
128047034020797
196303227065071
590120907704193
264725066996464
259457140731918
503789129636039
248456022026705
663189653752174
348433098543413
1446694272257744
500557090030677
137780052984217
614021521971033
334774296606238
553117618059582
208025752660789
310389729103395
127033947444545
420674934634812
405314432919993
