475507039168494
475730455826660
475743225809857
475790265852871
475806922450441
475908049110251
475911495756254
475934855876455
476063925795268
476147799159859
476276365749095
476307259153057
476334285748849
476427522398202
476588482360959
476730405732879
476850905658805
476858302327095
476892892387529
477018365737643
477021662433054
477075309072661
477103642436202
477167028968951
477282532382746
477443425690988
477475385629438
1402565609967562
477630815654393
477810942322529
477832355636896
477933818897654
478158152304305
478181238917695
478224742271319
478281082221864
478391122263397
478476498873063
478503785525883
478628402236818
478671675517822
478828265477705
478871918801454
478896385461211
479003315537222
479039048782513
479150438856610
479207452113646
479303992149144
479333962213150
479409295486094
479481105484237
479484565457699
479567978841873
479845395492109
479874682088537
479914195377418
479921942048652
479930335399135
479972652126267
741335032552108
480090322035041
480265618688399
480269565404932
480498302020471
480546642046009
480580015392913
480580485409454
480587518667686
480630512038504
480719815347201
480790585288527
480850088609589
480851768670678
481019171908453
481019865312979
481170988649361
481949628574140
482066018516191
482086188577110
482097901855361
482147755151528
482149701891947
482157831874356
482199268461960
482254705219809
482334935129792
482597808538540
482643555136237
482648011817370
482651315153816
482682548499382
482723125130174
482765395176697
482802928457169
482811165123546
482897391776665
482899988452842
483157191781132
483167811788300
483206085113607
483223725117041
483229131736404
483236748482097
483272791790241
483330125044795
483341365083515
483370625073920
483461318382902
483507278377203
483510665101355
483574165009227
483595791715197
483654801778328
483726431643558
483754078321309
483758365014416
483771148352811
483818941636163
483880071691516
483893681646832
483959741693319
484132248348594
484152968345630
484216361656122
484248504953430
484262851664677
484541181620636
484601664901626
484603588244762
484657541620310
484682051554631
484706298278446
484720451657612
484737921668395
484756554868097
484964324968215
484978801541490
471046473023165
471145152898355
471173483015419
471393909638616
471410642914808
471417016284055
471458846268352
471558039547294
471575666228827
471638579597377
471758869515135
471784532942130
471815672916078
471846759561068
471936409538658
472008469521124
472087519509611
472311646176904
472511269467614
472740646128841
472741152744030
472750569479034
472796786127585
472962319433162
473324269397648
473367769451259
473378239368617
473481482749583
473627609380465
473648552709211
473768156011464
473819082712643
473927649350469
474067335996350
474079866047912
481463548635390
481465471938226
481540321889476
481712175229065
481882618564391
481900688583918
474187499309729
474188349315020
474272635972014
474338992621037
474383662581424
474387502620219
474430016008085
474439182650036
481213471932922
481219718637739
481225072008473
481240831913625
481241175232862
517528914961535
517564498265921
517635514985132
517706214947459
517738828267775
517820681687596
517914515004507
518003241664375
518131884897046
518183231611653
518208391624493
518226718226537
518236388310400
518511954920761
518783321498990
518818064867833
518942134908948
127303210750892
114722062069179
519002564817053
519059044832725
519221838145482
519280484808620
519377304754935
519438864821797
519447248071111
519504664792567
519688848082813
519720211479919
190881107765821
654967397847252
241484939270413
520020994751640
520148898091619
520708784664615
520724424669569
520724978058231
520725998016213
520755714676604
520808281352515
520818754628046
520830338001504
340133839330547
1413770985556704
577011845657243
140523516153597
642253259183022
405446099524662
275198845862539
476105075779236
821046194574525
268167279969236
521076377934970
521192804594039
521194864615250
521420787872558
521464657915252
521552781293766
521730637963551
521810641206493
521814974501949
521821784525848
521868794594344
521882967880298
521963651191987
522035461244915
522099197820305
522185924482106
522210577894748
522237781186831
522238347857114
522265751185486
522362511119457
522509601134109
522542951130212
522606664453040
522677581095607
522682684426457
522844921105193
522886741116249
565027816853117
524026160951680
524133077625335
524198380996952
524231660970302
524252480946796
524391427645293
524414720909712
524422677585098
524428397592793
524489804293410
524520204301186
524553047619220
524554170938370
524636760939553
524859850885660
524917847596954
524997510942395
525023750936852
525040494225294
525128454196614
525130474201690
525139610830012
525168584225459
525195150834073
525202747497698
525245940841735
525420804230241
525455290894877
525532527499369
525705430821766
525809777467132
525859687462527
526049167421920
526082964129144
526210220736352
526222504127647
526259324124707
526268590835013
526291800751629
526338930752009
526382287380495
526383230769922
526384684068278
526432967473291
526443717470568
526509994067683
526617360778136
526629740714555
526663160744730
526764370687333
526803264022048
526854244002921
526921954001782
526938864028096
523203717708585
523326401040494
523339451088369
523545354381663
523582351001928
523582884429956
523602067770505
523659614409094
523754451023690
523785407739370
523796281079316
523817634412723
523831964329753
523856684360173
523898757680546
523910547661159
523938597679604
523944914329691
523980900994500
524005670974408
524011690949621
527102644049947
527199160680914
527330833961495
527604353999148
527657023945654
527885630587339
527926027306464
527934980578168
527951867268239
528005727249957
528024113965412
528066130644405
520258331376586
520317254671634
520374591373750
520382504654425
520411447996983
520454351318408
520599814676271
527038660759384
427801870691870
427856567358197
427890433987469
427918663910622
427927873963798
428169553965010
428177593969989
428260253946166
428287380551134
428311487335900
428344687221055
428446567250513
428560857174314
428667733831885
428709183827257
428835513797425
428882360467894
428930553831402
429008087211985
429008590558880
429057563871931
429088573772216
429130233779625
429196893867933
429200020473813
429202350451540
429229093861674
429321080478255
429454380448208
429553007117280
429667623845373
429714420477908
429997333796461
430045687081747
430056770421994
430189827037106
430204103769166
430278063745742
430287313706445
430366860405789
430380030377446
430449570298407
464276206987022
464339716999615
464576916987530
464636156928887
464641766887574
464661820332153
464751170246869
464788143607709
464790533566499
464819886903249
464880670196636
464884773626796
465011660259803
465056563551129
465086646899772
465212563610252
465367803569548
465371356881644
465455290214424
465540336847253
465549233498721
465550346886290
465550653491397
465589323453492
465633660209538
465687876867344
465698756855266
465836233495121
465898410168275
465906206760547
465921423511955
466034556829103
466067563487643
466082050178325
466084590188641
466155783501776
466243613444777
466312350111133
466326706819507
466339446795201
466347400087479
466371893413333
466453586777703
466548970068533
466575976771880
466626276804508
466670370012951
466719880068491
466723916749834
466786750023778
466793613408839
466803550096714
467003110104465
467104176759260
467217209988446
467344226672055
467688670014685
467775643332261
467986126638537
467998356582962
468074843212985
468107216620237
468272776558445
468307676558184
468310109908443
468336219901892
468339136563580
468381186564172
468381526556098
468403813268538
468432423265710
468504963295535
468506826603363
468592789886841
468664429917182
468683779841064
468710766511527
468796979854072
468917163209005
469001926573941
469107066511497
469295573173042
469321056531158
469391333125390
469458803202386
469473219831279
469571149789769
469606753106538
469645269713668
46967157198
469706396447345
469746126420303
469766426379524
469909476434223
469967803041052
469980116444860
470003889681331
470045083107542
470129446423949
470167709734407
470171766357931
470183673085956
470273913061106
470467342990268
470581973072893
460930467283037
460993603974163
461000080664444
461071893946925
461077707293257
461104343947454
461235400613928
461405884003315
461418890568734
461435570553197
461536403954071
461559850590747
461787553852390
461826253929565
461957667242423
462264240477499
462423390482999
462477173791929
462677877135245
462827373745716
462910403742624
131832553585488
463036060430980
463092547142964
463202793786731
463227997109919
463378493733096
463461153744394
463751157080429
463763953753078
463764983715221
463779240403907
463883520317821
463946873720784
464048317027516
464063433649036
467528150040650
467579099977926
467599836665694
467661716639272
470880803015412
470884776355092
470912829636007
470915902974148
470941413017312
470961549625524
470976656317843
463539580432301
463566270330236
463586300380752
463587947114834
463627960415282
508405855924961
508549679251207
508552435869537
508842249146943
508896612519880
508999032504576
509026642490221
509061855836004
509099885786054
509121135864861
509251999177104
509265755816667
509346062479540
509383739136871
509383835789667
509601295808253
509676389162784
509720075733353
509795329134736
509809069084849
509837125732289
509869945718018
509984142467411
141872232638752
279884858830383
1474273489525381
130524710390549
337471952978931
204937606196860
488929791159465
510001655705119
510054595735562
510065459042812
510114242395404
510228489069156
510414705732913
510519382300877
510541039045822
510645098986005
514272598643624
514499478592341
514541841932978
514619505267979
514651255251586
514735558593703
514857921881785
514938301930796
515106601875439
515165935262419
515170091844105
515226718550978
515249888620169
515282058549050
515291768499991
515293495175099
515635975122812
515680171882213
515869921815588
515936118445178
515977808481872
351631691621046
516015581814693
516023261785100
516024678409601
516140818438230
516209801730041
516302591740045
516317858413855
516333591827570
516346748430460
516439748394204
516468545057335
516473875057534
516476475105248
516495395055194
516594835134057
516615735063596
516684008400839
516701911687767
511257385649109
511453508866476
511493575635152
511552425588546
511553435640681
511570338866325
511624378934828
511849315532939
511852638881316
511880355531537
511982858919207
512019685531100
512078942171904
512120715553509
512147505538323
512165058830829
512199292135900
512251632122207
512253982170356
512265082246184
512268235488529
512347295445374
512467948788886
512547065524870
512769502155737
513093652103735
513101125389726
513103495464680
513135138817785
513211842096702
513235852053373
513247435386767
513256002037480
513266575388615
513294932083480
513527102021646
513637672061113
513695652034490
513817998648511
513929235346569
283122871807578
514118638721490
514135918616372
514145098633840
514209235291887
516901168420397
516902995077286
516974255005307
516982788405918
516995741704791
517073258383983
517210215068148
517226175065510
517264245041608
517287505024388
517293044976059
510975235690312
510981685611209
208276729216770
511044628924203
511102958946032
511122675597885
511160292237849
511193022288522
511222788923660
511236452241403
511247225601690
512744852195896
516815908445640
601673243193568
601765269880986
601837306571082
601906543170112
601957943200685
587912071245075
602161876522363
602212556474282
602382553137856
602507709807235
602539156530293
602681323125091
602765616503934
602878116399342
602887626508602
153640108118999
602925046437285
602989166423297
603161239761344
603208059744016
603300726389197
603320223071665
603360669693841
603463669696006
603526249720402
603587672993144
603695996366728
603697512986071
603821216361815
603854679666884
603887242972316
603895862972777
603914709701175
603936586384240
603998732968471
604018256362227
604018352941558
604019129628912
604069986301198
604386482977623
604576606291358
604738569539833
604788909596003
604888072882298
604952086255641
604975342873744
605095856274708
605111329610372
605495629471528
605504166215606
605547262810269
605565246230818
605586179516919
605756319459400
605840362793570
605874809433793
606004982763633
606141082815967
606147016140747
606156882731212
606273919449832
606281476150017
606380926080124
606440142735063
606444046138078
606481842761809
606524039374312
606565542738169
606594419458206
606612452737859
606998386022261
607062699317420
607066172670953
607122709381707
607140672664662
607216865965699
607238449336997
596305323723761
596389920375486
596400200419964
596509510360871
596538210386251
596543927077029
596686500363289
596707720392632
596886873689250
596944360393745
596975337028642
597098806998651
597216400308445
597262973676883
597435026976281
597475606969737
597639826966234
597685140254347
597856563665215
597911396977388
598123583553968
598147553634109
598361780185536
598425126888171
598502210179652
598530690238993
598541393547731
598580953587239
598798746818932
598843380170444
598884356807078
598985120171495
599008683460239
599060526772287
599083146809133
599113620139676
599121906871352
599166050159337
599221816794149
599262106884422
599325363427201
599370630130032
599411586738371
599490603404706
599586346724338
599763783385080
599981683346037
449398501843981
357745281019456
480593852023039
742125929169317
340077136098772
478051382260142
174402399415328
186283034740179
307649706104475
1393750660872655
600035573408561
591006634311736
591366300903555
591378220915728
591496724208312
591569294235777
591597150890526
591611810958159
591676177565276
591714497537311
591875744196377
592090840905823
592109014146321
592125660820846
592461614185112
592553924171344
592706940757571
592859994099330
592913680732381
592925160732625
592944414093478
592996477455426
593030427374564
593048810810907
593086887404581
593213624070398
593215280696676
593281594060266
593385410722012
593541470759762
593936017297707
593974617326685
594027030661940
594122487302082
594157617273166
588469084506567
588672367876068
588677544536811
589147327824171
589223454475582
589232531121412
589498694413013
589607327718816
589973987709700
235785963192479
212757318876803
191423924231189
380701785351772
265188543530462
397859630294874
590032177726082
590086747722181
590196691043153
590315527720974
590329421064718
590387447665728
590440367718482
590824850957844
594250323970065
594289857342412
594410117251067
594545470571566
594647687250534
594704283880075
594782073916029
594793917223885
594881913925399
594923457306309
594927067266422
594953437299961
594965223917826
595027770576928
595049667205026
595120990523667
595355593918914
595431763878077
595451037237792
595502970510851
595800570471001
595822940459145
595868903828221
595924397129406
595970250470330
596025303759095
596062480412476
596162820412050
600152426669510
600180320040363
600210013341295
600296996676669
600367043363101
600441293331125
600500726685470
600505723304928
600534490032661
600608716635972
600639766671566
600650693325519
600735806698727
600741249956210
600824429935718
600883123324820
600895489944780
600947316645924
600972536637524
600990963276765
601129016673331
601136683306369
601140393243511
601225696606229
601260236585304
601278069912642
601320666576635
601541856633987
601544646543655
601546406609874
607319199379025
607464715938668
431285310236645
1441367986108763
229443593792884
132799326895110
441462642574803
168482383311395
408543542506724
440452449346265
329855353832947
492093754218274
112443002277153
1461533264065091
729235373806729
482787395088196
261114460689183
113712928792779
345024272265079
547302075365061
352153851567329
294803730647641
337877242983001
410682655703552
362842273816355
654445227978309
194033807288382
458606050924208
393137007453088
309654199140070
170807289635564
138041609600121
133645509986153
467105473374869
259905050793734
