548710778536133
548732805227784
548749438509946
548991931815290
549156651783149
549159605191550
554113124607851
554222481301697
554288814603407
554451141272206
554676454585750
554697607886958
554716461271704
554767844643106
555008974555044
555362137888344
555519417853398
555561374507888
555610554560154
555720187840751
555730204462018
373414692801733
556012904429103
556037591076698
556126414504577
556171674462970
556308537737788
556406281115777
556441924406554
556449531119608
556493337730792
556508577731175
556517187743750
556575534368368
556636094384520
556695911052203
556729147689153
556801464331251
556867454337831
303538763143442
557035801042274
557097147694473
557288531030213
557406447636742
557417304346627
557435454333392
557571387648274
557691020929115
557749590911753
557868204249363
557971720914982
558099724218095
558139754210194
558165210864025
558330720866241
558343657523222
558426360903233
558501584207444
558565820833780
536212919786136
536233363124472
536275423106104
536380413124357
536500596397597
536502259724756
536514136418236
536593676386040
536694539708680
536758906405903
536797139676367
536844263056459
536910943076401
536915083019434
536935502995000
536984042997328
537034163023340
537120409713951
537134946330723
537263256313417
537264856321326
537307086361375
537617462952621
537657482927226
537658509667637
537661076272746
537737346318066
537871949632632
537902519621454
537933069593789
538055062874314
538062086227701
538072382948097
538130769614745
538242786253729
538259612862987
538332912892794
538376496217080
538505682867848
538584562861365
538605826169728
538616992885909
538644069484357
538663252904871
538668389550662
538906126162752
538988706176636
538998589522658
539007579487894
539014562866866
539117476180707
539181752828174
539233069457773
539316506095631
539376356207597
539408759434931
539423422738080
539539226074338
539559466083047
539585639473648
539589279482122
539641319462934
539662582761683
539889202703448
540062889417764
540140346049997
540186796031616
540270832720826
540342322645335
540412826041066
540642686000888
540748126012473
540923949259658
541040932677177
541077145964322
541101669283590
541294112664721
541401302564101
541476019233452
541494022539893
541542892552267
541564419209919
541590169255997
541624895862906
541634432563825
541702082532705
541777832620943
541848342603767
542033919242655
542044569233480
542083285883372
542147112562501
542229299202083
542229885804664
542341099124280
542706585751940
542836399123206
542844235804585
542869352423371
542876802442170
542909972415685
543077802404536
543537229072146
543539729098361
543679152321080
571480479599184
543813482306348
543837679006648
543873582312152
355164707899890
544041675675480
544098535709676
544172765605754
544224962299918
544262498928456
544285819015338
544400425618304
544506925585824
544570022264618
544607945589441
544666105560094
544672095553919
544798255629544
544872552202812
549211315170154
549371388487262
549385198482910
549404361861114
549428071841688
549462001761017
549479118430424
549485538427773
549606318406811
549661571759570
549795891813839
549888205122054
549905405030714
550046265052379
550083211689944
550198705056433
550265575096655
550319131689525
550337504977675
550412771652042
550460181640550
550647958299588
551020614950153
551047201598900
551081144926430
551127498264966
551244151562752
551349194993408
551409631613344
551499511603508
551504091565241
551675794870618
551697844860049
551793011544753
552056911492482
552072064891017
552364274826034
552559971521833
552598868154030
552654791491138
552714428096000
552810428103327
552843948158845
552904328148368
552930931385815
552986928105635
553037378067759
553097291373106
553348088042536
553368424724906
553386641382462
553498548006417
553527277999760
553564894770325
553609694736402
553651038000317
553703274728676
532090203550973
532102096814329
532119950213058
532230076822531
532297116820882
532499010147743
532614383433948
532649860090212
532785196755127
532806670091590
532903880188261
532919186830387
533034770081562
533135426800005
533187453390436
533281080125013
533404046779473
533435993394401
533473353363507
533498073360508
533551763343797
533630213395908
533769070003231
533843993302540
533911649965523
533930596649567
533954426736910
534094563365800
534158243370710
534296523273342
534354659963656
534365266656454
534391613307063
534567583328725
534695923301850
534699366616188
534769149977202
534791529929221
534832596628414
534868063224473
534930333302777
534943666589863
534963299948369
534976943315577
311742758942539
535072346590162
258636164174174
535246336556296
535250023240114
535273706564506
535373746488531
535420973152365
535587113170613
535603786515807
535643179896648
535677136496677
535701313218081
535722033138949
535737386441327
535856869835252
535866113133583
535901119770468
535931286506181
536112366435330
536155576421255
535467049880044
535524226555629
535538419835672
614337211984899
614350645254417
614416048626040
614479508567284
614538861898918
614551735318841
614576201947947
614601498550201
614609828558702
614619828552806
614687571940018
614698101940807
615009851849998
615027685219231
615220905200430
615251115213699
615257448490033
615278735176910
615284195172360
615309211835099
615310355184587
615321425166633
615361545155733
615405975161035
615448398519223
615493565161425
615541365185369
615713158549737
615724551839794
616028025102368
61605730862
616139191759746
1410847902480469
616204201774692
616287015070913
616306211745992
616316301846457
616358805047926
616556231770958
616623695029583
616658411710798
616698741683184
616700608397677
616736141791638
616741598346803
616748648340548
616795275019634
616797161701750
616835015000657
616904741665961
617081225035137
617125131671713
617244948320514
617344971726487
617467054980089
617487008313280
617539071658790
617616901646942
617825871676931
617948734892764
618039598253171
618194994859401
618302788219549
618503311499923
618718751507243
618747221514313
618808951482973
618897388133070
618908581491466
619151291483683
619267631477761
619272491444060
631950266847157
632048240153173
632187883544259
632204973495114
632585460096122
632695086772037
632779850100728
632792110070623
632883510064521
633021983379781
1421453598132470
633310956706556
633534020040307
633818630070888
634108203321489
634368193313806
634552189891843
634983679923939
635127109835859
635170536509528
635314719829722
635374113224816
635425539881266
635443759870627
635529923193714
635605463133594
635657239790679
635782483131365
635790363206924
636283676393882
636313289770021
636463619769782
636522789704205
636736796342321
636756179756938
636834543053297
636841739690806
637072219642099
637106522972663
637124046320327
637217232955276
637352619622975
637373613055142
637430056273909
637653716289917
637817716258370
637866616243134
637878866289359
637903302949927
637906066238522
638001396242066
638091816209023
638178442927079
638391822954785
638671196224936
718946194803264
638946502821258
638948236188435
638999462836566
639085326125174
639090769435752
639218529452277
639248209440324
639679206071730
639681699378453
639706782729645
452338851495115
640008002707487
640202992697335
640233466008172
640235092709518
640287269318681
640349276059353
640366972662314
640532509317961
640625509322141
640983275913008
641071805946000
641120922649156
641347919233169
641363059209756
641582869246372
641893395867732
642038169171344
642038325811647
642077489165916
642185182521058
642198829137574
642202689138301
642463262504045
642498705791209
642623932459963
642757769106291
642867332392291
642913402407749
643029442483010
643266949020748
643395769058932
643497275736624
643523962355496
643578189010270
643731898973289
643982752286029
626210160754466
626394754124495
626406620703779
626445380705198
626516964106299
626837093995198
626911107388304
627044657378009
627067563981907
627172420678354
627301603960146
627474840642040
627793253997605
627798807259654
627845510662132
627890040663791
628527997207317
628667380498716
628809103844748
628968887141366
629038527122939
629069023807656
629317667084870
629420257137035
629468197143226
629566870399032
629662893795598
629671543710478
629810873761014
629815283746250
629833483760251
629931280353878
624201017614579
624280250982923
624315280959949
624500344256360
624565494290433
624730857541518
624802520939933
624876814189533
624897300961266
624916177551337
624940644183116
624966530854213
624970874204426
486237528115169
680128058725980
625196387499083
625371407499309
625401247487610
625473294234342
625567724182867
625606104146512
625689814167448
625715924111721
625764457447320
625825130771217
625859290874731
625957040767250
254769134669185
626106374132003
626124857432651
630525453644808
630533270375654
630622567000289
630683486997023
630695203642303
630708280311414
630716533610108
631034850283004
631036460306047
631074250286057
631251093589188
631271993554569
631409870270026
631414476884635
631541416917949
631588416927426
631664630252324
631665050213134
631727040175128
644198235670453
638640109498107
630324993657062
638451286238454
638608176253572
676609722388994
676693042396043
676822722361950
676893192332309
677327378975061
677359252279617
677462478949958
677469268953229
677470778934248
678071235614510
678544912209668
678604798818952
678749388811210
678957085555159
679024025511452
679198595453671
679462022103996
679475558752026
680344455385235
680440602077444
244655922405297
680677635316505
680851851982870
680861735266246
680868785268111
680941205312251
681014081920861
681040225254134
681097841979294
681196731962811
681258628625896
681276025289240
681390851913141
681569065211542
681683675316621
681726688575546
682002495211289
682057555153093
682067301858571
682167315141188
682214181821047
682388421841373
682555381784864
682570745101939
683019731733533
683276771700714
683416068345070
683530488381457
683808804966593
683955721615632
684041128330329
684596711583935
684674571556219
684785124903097
684907621571990
685161481536511
667573933278438
406508799385521
667676643281925
667912253265515
668006386573017
668034136625809
668138086602550
668342083238103
668378173215589
668643439848154
668731843209407
668855129874890
309932949161917
669027406499745
669082543170394
669502799802291
669516903144869
669592503109960
669610813112990
669813939708660
669841946400159
669856413058189
669941739726240
138624252930525
312786635481259
472408052826931
571034096278905
670326063047475
670449676382601
670811506338779
671021492950642
671023302924768
671353016208609
671438952938193
671517482870829
671613469618626
671622039516267
671841899504771
672016656204074
672208846204819
672330859552829
672417666114217
672533289462077
672584839480815
672599699422359
672652539455770
672661312826732
672751822761818
672916942789699
673137459385955
673271916066046
673527892662127
673630836028029
673691099360011
673815532641966
674048029292414
674149002662934
674260015958240
674314705916004
674478755954418
674533079260398
674681272568610
674720142607127
674753789222029
674809029225469
674953402545066
687012454657552
687489831292846
687528764620602
687575538003681
687884241223661
687910934625477
687914777899576
688118044540794
688211194574090
688217751238129
688276857912110
688528401233801
688542651166329
688640281178479
688698361212734
688771861177023
689176371158687
689259761127997
689306471144957
689336361130914
689867117731740
689886694390301
689889984370876
689977067703658
690277137659709
690726020980355
691440437557900
691445727562655
691496407540386
691701620867738
691839580867059
692275717453567
692319744118363
692606740795245
692639180830726
692798960734253
692933707416509
693516120680583
693670994024224
693767694003738
693828387358240
693857977373068
694061970639899
694215330633227
694564227297216
694977237217313
695118263836850
695272653875910
695454273832574
695741503789996
695890420430522
695911707114070
696053613824450
696065167098246
696159143786577
696334933760676
696400910395142
696637220346942
696846480374064
696882060349089
696889920369528
697070060354306
697213487021987
697229433639670
697280776959136
697526590325865
665671196811518
665717496781434
665810133444569
666008066789785
666060260095689
666092530144766
666139920114401
666219990064380
666242853455789
666297643398722
666414203386950
666542743395676
666562956754791
666900556724521
667221959962786
675228662537036
675248289232614
675252425835759
675258895831775
675477089180658
675892599136137
675977675795794
676050855778542
676102725776020
676176305771857
676194179096198
676411495764719
685683394848717
685903111439968
686163754743677
686365148065041
686832891348269
685584384870202
675131115890529
777954435568081
187224227963492
778101338906546
778571018823435
778572492152865
778919955514054
778960545475507
426108084165917
779854658770366
1395027830751548
244670655633843
780221342008352
780555608640739
780562841973770
780581298620656
780593255332138
264187407061994
781455401867348
781568748543460
782252901825039
782655858445641
782936081771916
783157328385585
783401228351302
783788701648389
783978618283341
784195374934747
784516728276411
784727908260166
785207251489544
785552591463760
786228534803176
786398258066802
786509261396412
786561694704602
788258464534342
788463444554636
788601124499657
789911551038102
366542217317
790722890998761
791032510960562
791379810877289
791718367531672
792058797494839
792132897512976
792359330827986
792551867441147
793195184045104
793230717373459
793509767358006
793814880646409
793871953991133
794543443971138
794799283879652
795211117219562
795663123812816
795671703797932
795754800446137
796005330424619
796373277042802
796558220377495
796697660358870
796768457001682
797522283607882
797887836895635
797907490238316
798536190169420
798973220118020
799478966743177
799604956735989
285371724810435
701082506623964
586692958071773
259500680798500
166290683564008
383004155060341
452764548095362
132818376862698
732935163405184
446160778804924
403626173082448
820546011349896
531780836889928
182762178162
153227621537807
503843183041366
503846206309954
144303545776226
431833126884040
800009790017006
800093243349293
800689343290335
250859975062471
273956737175
801295329903525
801465003231408
802102806488762
802353249784700
802429656442037
802450863123112
802600526436574
802779156428446
802835606400695
803214246432811
803268869717389
803640552993244
803658853006455
803734883011020
803974289615368
239296429593184
804119499620707
804205976304508
804306072953596
804606126269317
804956056182622
805527432817002
805734699491136
805762476119552
805964552755962
806292996049300
806387639380457
806489826080550
751255848227003
751905438156570
752261858121500
753055821433040
753082578084209
753323961365630
753502974712795
754098761273719
754477004621339
754582384589549
755230561194544
755316154499009
755469237838506
755675911154021
756069531120202
756077907745933
756236347729933
756650694387195
756732294345869
757027484309123
226484664179600
757562467589565
757757944253414
758204664209776
758303377539913
758451010850205
758499850896099
758667294166196
758848800876828
758897670856173
758940174194596
758991027455580
759334247430244
759467197415222
759501697431172
759641580726486
759941807379153
760007530686777
760362754021630
760437133966854
760456017299743
760461110643287
760478927330396
760804160610971
760923380607046
761053780604238
761378313884719
761929530486925
762031157174273
762258147138862
762654387126239
762790877087305
763030543715647
763198847026211
763275667040939
763418257055165
763433827048875
764517890237992
764555646944465
765034446888642
765038363519517
193001064200662
765587226796503
765671593510110
766106730115924
766257550111098
766582260030836
766780636675044
766892133342081
767145409977872
767269363337108
767640316608316
300069736869649
197669427051777
768056716549844
768597409899553
768675673154667
768773869809352
768826746463028
768831246495728
768834219809418
768874573123549
768962273120665
768962463162026
769567703086954
769675823112025
