204574239720845
204588229691896
204592106234064
204613146221022
204754602904073
204777842892284
204788782901550
204789672908089
204791356202413
204808499555452
204810409542495
204812849647294
204818759622762
204843719528455
204849362923296
204951439553618
204969409583589
204971152919677
205000709651413
205053736242212
203904326369850
203945706413440
203945742994091
203976069643028
203980103070151
203985352979263
559878094102656
115077202024235
204012076283905
204015673119848
204016946302499
204023632943604
204058866279127
204062972966893
204073076285947
204083243077285
204653026254469
204685756215279
204689169554313
204690159660951
204696056231205
204733186234063
204118259602811
204167919593853
204177906263276
204186522933479
204202679593897
204226999707135
204234042939812
204246306282975
204255162920426
204276613060071
204294216317913
204312266251392
204318219612418
204323245997
205633262781530
205656516186866
205656596121878
205664199449670
205667062861198
205673559470232
205687862792071
205758866274415
205787552926884
205813656123379
205837352804043
205859736110480
205880916231610
205232699553557
205263252996225
205289439491548
205332652815158
205335156152503
205385326140215
205390642813579
205410992823095
205419346204553
206088319465348
206103549429900
206116589414269
206220904299
206256696078808
206295559539303
206304462741703
206317942727851
206335616054381
206335686063635
206343392854176
206355939525889
205499642823394
205506549459411
205521902802757
205522926290083
205523279486543
205533132840072
205574126300899
205597529451934
205597666148476
205609459474515
205629329599032
205947266145528
205976402749533
469768393086481
206007879432181
206031102758590
206043592747871
206056466099516
206057416159765
206062649408080
206391762740981
206415999372511
206424812714997
206431102768463
206435799383460
206448892726256
206458052705388
206483442812643
206483929363363
205075139602545
205079016174239
205083102838766
205110799521983
205113573004787
205125706177250
205133729605816
205140669510326
205156656207795
205445009484961
205445302859727
205448306133362
205448982808247
205450099488442
210915788991414
210918845771502
210923358946181
210945415722754
210947972417078
210949908920756
210951235595270
210984764387
211027055741870
211038229106879
211043288925259
211049148946200
211050475578549
211091199014952
211101785582486
211108172323158
211118645605329
210622385780134
210645555612181
210648575614700
210687755721702
210693945635349
210733459005405
210740892325423
210741062273868
210741348939205
210748945663962
210749825660307
210758109085960
210761075755795
210785292274170
210788642404571
210790992397124
210808765599759
210822779078915
210830548967268
210831205594889
210832762377191
210840051880
209907002466398
209942279200634
209975725698834
388467514592390
212745022081815
178410672289018
210011085677976
210015982355349
210022765734511
210025839147592
210053112398489
210065949034836
210089105698448
210093879002757
210095359159064
210122645691276
210125762448738
210188482329692
210238529057799
210296379019058
210302075660165
210350275804462
210397369148934
210398645775229
210459422311281
210493348985713
210549512322193
210564795685568
209878672485901
209892215884606
206955245988767
206956089351015
206957802667334
206971062658127
206971199314656
532069656812628
207007819484965
207020935991290
207039952791205
207044086003540
207045729355819
207063222660241
207065702661336
207066352669005
207086202761392
207122829452528
207132302639565
207132582689789
207161759345931
207168622768504
207184232630385
207218505999600
207219866123850
207228162629355
207239989416600
207258379285666
207259122619654
206515259456775
206531419530740
206546169362744
206621819403323
206626209524901
206633659405419
206637119403533
206638536162309
206642042715719
206647009363126
206692882766741
206697076189525
206704049467074
206705449348899
206719499528820
206728406156068
206743232793428
206811022673699
206816392693989
206823399332718
207430925944248
207431032659203
207503409409952
207526019301746
207542029295693
207544105932029
207571495944603
207581169269073
207584482620247
207589732593920
207592696011670
207605879372015
207607452657455
207625879261658
207637152581582
207646672580911
207685125924907
207698939389137
207723822605628
207760445933486
207786122738355
207790312578045
207809962563147
207821189282925
207823079247293
207840342579056
207873629248599
207875735906542
207880016050449
207883699261618
207885899227182
207915349228045
207926649220216
207958305905269
207981632547098
208021472590924
208039015874362
208055869366616
208058359219862
208067435870478
208072465876813
208099772686866
208110062532900
208110346037871
207289612628283
207297222729612
207324496079486
207358072772445
207365649309181
207376589329089
207383239304917
206861339325484
206873312662384
206888226049350
206900062740908
206911499346298
206947762656624
206953596067606
207389372606189
207419032608482
207421462631035
206848212716822
208559702518304
208564099240266
208573746014529
208591265983419
208592605849842
208598822659379
208634969173503
208660502508804
208719819196697
208737765803903
208740952484697
208144205871228
208154662547503
208159509303107
208171205889910
208183302545353
208188299365534
208191342539182
208284319185968
208301345859720
208421175893847
208458722497922
208462069167711
208480115978690
208488745850206
208500575945716
208500709241596
208506419233193
208511929189836
208529005831340
208532102553128
208774885846571
208809625805028
208816712466327
208822879160166
208881485799205
208886509144862
208323122515966
208328605870298
208332185870914
208355495847566
209082969110333
209089852440565
209092729218420
209119982433761
209124725790215
209204915920716
209258552432509
209279395765720
209319225752414
209325919079259
209345429094643
209417945793330
209431055760853
209436449206058
209439729066454
209442715751722
209462835879738
209466625767698
209505062414296
209515955813810
209529892431394
209559342414810
209576002408802
209591879075768
209597572397738
209669605712329
209682435735816
209696169237235
209708215721076
209736412501066
209740532370668
209777082366525
209792492367379
209803395855162
209820555702981
209832275758903
209841889059059
208951095825511
208959215785109
208963425931887
208965539120105
208969662447390
208987259129532
192352410788084
209022755947970
209358925741099
209358925763726
209365965836500
209375195839856
209380835748898
209382392409502
209394562487464
211946028944536
211971452313316
211979475616580
211987715627545
211994175535590
212000048897151
212009728809735
212032632309673
212056558994090
212067348877356
212108025490735
212116475578782
212120798820830
212129795531836
212137595479607
212139865560524
212140448981719
212154658901881
212155045481768
212157518876953
212157988909048
212163372180929
212173022292128
211676795513887
211679722295352
211735595552635
211756918846106
211790028868901
211805238943393
211807808901445
211814955513892
211817275567734
211844305559792
211877855492500
211891828826474
211894228827873
211195982228924
211214822323459
211216902254457
211277518903290
211280482347483
211290242214736
211310502338009
211350605554555
211372392245241
211521812208038
211564065709996
211567352931
211577402208874
211584555539561
211605148968571
211633468849582
211642582226230
211646295530762
211652088865712
211381449061663
211446595572088
211450865535967
211466932311449
211478468886331
211504405561406
212185475459907
213466238685787
213489932181183
213513902010751
213601398666762
213638192090968
213699998666511
213707705479533
213709705481927
213719958777909
213732468805646
213737975357856
213809148677900
213835188664480
213895561263
213921022066301
213928441958411
213945841983171
213970645479615
213973465336195
213997815307889
214000058637957
212448705474541
212457462273434
212472942131889
212530075495156
212570535434694
212581785439089
212622375534208
212734155547929
212740978750863
212741572078375
212744298098
212986418721669
212988175530994
199075800104633
213041692064006
213071352036250
213088938716195
213120592096652
213146345443360
213201042113523
213203338703275
213217312114095
213226035463262
213234985366265
212229198794312
212268102291296
212284772188304
212329988838553
212335905487788
212339125460136
212340022149480
212357358945468
212363295612046
212379015600366
212393172252905
212411682120495
212419478768204
214056808608519
214071378750086
214143642063057
214149785294509
214159511945233
214195351930070
214220458781812
214231652058750
214251905400772
214252495403368
214269308608581
214282261935091
213264532216872
213274065354558
213303375365600
213309778815680
213331848834014
190331617807215
213378735535208
213391198847278
213393005368958
213403918670138
213428152155457
213439605353005
213452738732122
213454108674891
212763378857839
212774652070129
212829315593154
212894888853355
212896285541616
212900838778427
213261312131856
214562511946861
214572331937501
214582488565668
214618258556261
214620202058342
214632101934609
214689271909194
214694105211914
214788392004223
214820231870626
214837485253502
214837941872705
214844565302048
214845958553656
214857211875368
214865158532943
214876242029333
214881441859134
214897851876138
214907571888944
214954808604435
214969391864415
214976251912913
214990941859029
215008907576
215032378523729
215057898520814
215083245172893
215144511991467
215154541851184
215180461849464
215209841867333
215214408624422
215225928534409
215229342020191
215230208490205
215233601843254
215254881821532
215274475237103
215338385165685
215395848485354
215447388592109
215461815244056
215480868515656
215488788609261
215490375149996
215492135319031
215520518512666
215523865267708
215524071809611
215534491793258
215546468586733
215549178590177
215577861985537
215580205250831
215595761951962
215608525144714
215609071913858
215633875113827
215642588461857
215655795140711
215668545112398
215682221809875
215688571778196
215708971927074
215722905250996
215733341792916
215747611770320
215803558588327
215813858433253
215822595133142
215827278437320
215845655254912
215856585100801
215886085102892
215888905104606
215897731767888
215937568502737
215941591832562
215951135222577
216076585074787
216091298406596
216238031757298
216271348473404
216304975207030
216410391721089
216411141863138
216424035148852
216424605040305
216450925032881
216454448451855
216464111705825
216480055041035
216482785038078
216533281702090
216534861730260
216548028470020
216556525077255
216560688460857
216565481686881
216585941741855
214367415257960
214377818653878
214425688718326
214426955265285
214465451946275
214527838687461
216655598386214
216658788383967
216666408353461
216677495122866
216714871748422
216720241833862
216762005016553
216157541840937
214290801956344
217370881636257
217399608289090
217421965072776
217437695047177
217486951731329
217494341615429
217497758272651
217534358273192
217554598262510
217568928271710
217577514959738
217659368396437
217662211589051
217670238358978
217705301575948
217740158383614
217769054965745
217794058232831
217967124889639
217973468398428
200504256652364
218021288232981
218048271560440
218083004891649
218088694889936
218111288287709
218135961680565
218147264863979
218161224901330
218171005015753
218175178266562
218180044862951
218187478377696
218197651600004
218203301571907
218227401634017
218274524900762
218281278231917
218324901550431
218345694876885
218353254902204
218405538204981
216776514999527
216811838463253
216835048525559
216837541802593
216864111660597
216870761770556
216873218334087
216881718360159
216882511714334
216893695138706
216899471815599
216937815134883
216939148461145
216948011684547
216994128444465
217037755143978
217060088486774
217083005011380
217090545028186
217156361815477
217179945117517
217183358308532
218468801594143
218486231516962
218515718176193
218549964850557
218559201540444
218563194990411
218570138324370
218571148195317
218577891606122
217241815102494
217242715092509
217291804974910
217311778421937
217334995118510
217354324979831
217854871571288
217902491574400
217920168218416
217937278397857
217945941605477
218433888209383
218440954869941
218444581685560
217206998458504
217834988230300
218609361621468
218613544860450
218646504830189
218690068160544
218694198149937
218708374956236
218718234809099
218729661524530
218742091588501
218790648173691
218832394821684
218833341581111
218840008129597
218858264835430
218871844845417
218987641489572
104046356356139
219402294779048
219406914755658
219481601438022
219570351386840
219623854844347
219637364804190
219652384762594
219053551446284
219058811517772
219089128286426
219116054770971
219154781437206
219233618102296
219252511457641
219271661498432
219275174755361
219278141511757
219283928256306
219387801545669
219725518105565
219744354737251
219766701555875
220565848127823
220575441375906
220633498091532
220641288068566
220652334726608
220666608028181
220690431449754
220818844751112
220838791269791
220841121329242
220862128014215
220885887972294
219869378034698
219883801516512
219911658193772
219929781368928
219971931539500
219977441370394
127887920742486
367587530039686
461502770563263
368339974858
146301128889642
137136719808844
397848550300974
370723943022182
578767808812173
131589470240294
215465771942493
220041698164088
220044584674916
220050318010030
220090791347022
220111238022061
220111921434504
220140444738815
220160348002571
220205314667203
220210781489843
220220164665203
220292271466210
272551229553754
220327357982821
220339427983671
220352951491692
220432614813613
220439884646323
220970118570
221008798101002
221025234576091
221040934760359
221059671260424
221076047942450
221122211236812
221150408010380
221180267906908
221185291226170
221200994701085
221211384634989
221219994645966
221268197904191
221301084628996
221344627995799
221353708006796
221362131380658
221376148051625
221393754709466
221493511194285
221517357972596
221519937874537
220516004712984
220527524680547
220531714780099
220533144630282
219837663546
220946034676914
222117851163968
222127794485721
222141577830592
222163044654115
1386927264865800
222203804624104
222224297796261
222228197789433
222236154612542
222248394538854
222256217939989
222289517787355
222290037817833
222336777883843
222345331227335
222347347805505
222377037775364
222407834486379
222409071244639
222424604618924
222445074441027
222447234498164
222469667912566
222503237760206
222507434442128
221558408034355
221573884573538
221668928004483
221748594503991
221771777881096
221774134510910
221802647992296
221812161357799
221848161343202
221855961172588
221993617830602
222001904647776
222031581286692
222043761143574
222084344614407
222102207808270
221890187932904
222607074477657
222609371105410
224070147725047
224088287802389
224120044273159
224124547621582
224124557779018
224159867594392
224179144265347
224184054317247
224211477703497
224216794277860
224276617772184
224318590958959
224350814371391
224357924268197
224399070957133
224399490910481
224400827583272
224405731092014
224440787715908
224461284411865
224560407562599
224606257594885
222623894463269
222634807767848
222654514462566
222657627875385
222660147931520
222664364474978
222732547878495
222896904409611
222932034383838
222968241201049
222979677719151
223005114540619
223038994568835
223046731147855
223060977708882
223061964402547
223072167725885
223098034429866
223099054446951
224865001043875
224873090878840
224986590977779
225005820857073
225009397623756
225018457513799
225088224286868
225090134225248
225137614185407
225138217654113
225160884304462
225252410916251
225277814345172
225290200932636
225308050982746
225320294345384
223733144326653
223785367797516
223927804447559
223934214313286
223948460975406
223953054362229
223966570981011
223990444382580
102840953174624
224004567672904
223388351137001
223405877795479
223433134384730
223441344336202
223461397795432
223470794459971
223489401184023
223567171084440
223584714321364
223682127687388
223687604394182
224615987548527
