1524440377783750
152446718153533
152448531511303
152462061519681
1524750271095096
1528993027323344
152937151453349
152947654762035
152353024949093
1523593584530752
152359648155118
152366601601306
152891411539665
153442928032721
153485461393351
153534588036508
153542608065165
153578328125311
153583418031508
1536023809959301
153637454703397
1536383809907206
153671881358552
1536831953210659
1537026446524435
1537322026539222
153755384790316
153770811350663
153820581371297
153859177965011
1538821416353064
153882374733502
1538890993034566
1539059622975778
152973444897783
1529919530591718
1382903551978166
171850106272924
153002044715831
153030538088185
1530462437168236
153069871491634
153074001396331
1530839720479188
153115468090798
153135221414661
153144091458655
1531475467096187
1531708083776632
1531753600372020
153180991499775
153183181504367
153191058200570
153194901425040
153196381487166
153204534737862
153215818213856
153918578040932
153919831342028
153925778042286
153942221482259
153944071367250
1539548859644397
153954941329987
153960208005090
1539961719580679
154001324806596
1540109362875894
154027808000039
154063764800566
1540717766172906
154081941336552
154104554718578
154116861320328
1541258679461749
1532358300383134
153249514710967
153292551436033
153313231418739
153322538076019
153324208069763
153328331513236
153337268062357
1533505740217064
1533604933533486
153369184739067
153375954717099
153396418120886
153415254789062
153686964687532
153222154776924
153223544737223
154894351379469
154894557905090
154902244715543
154909864572888
1549206705342136
154942197894012
1549793028587020
155046584598696
155053541285407
155067964616881
155085801215333
155086994546745
155094194553617
1551186491759789
155128404570181
155154984673888
155168261309378
155176144555111
155176807969635
155186874639390
155220287961807
155221664534017
155225474635994
155228564569475
155251644541602
1552580191623875
155280151196641
155298221147586
155330107861952
154569597941190
154580001401578
154605941262280
154614628035185
154616091265749
154628927969885
154630327983486
154639401277862
1546505832237824
154699444704195
154723794590569
154761421316840
1547674605466768
1547745138781063
154780551214278
154780668063991
154852284572645
154859431279884
154145211301804
1541513939414411
154184514792376
154202294593003
154205111308192
154210394639301
1542208565993091
154225214646117
154238904633444
154248601347357
154258578067817
154283784633158
154295811305053
1544098805810552
1544398432445156
154487071409364
1544908325730188
154531208046722
154324304639978
1543541899209022
154367817960356
154370311296437
154370754627651
155339301338280
155346364639266
154556681269526
155352514662014
155400444597401
155409454513880
155415137854482
155421487897088
155428051316097
155462691186220
155464751193710
155466544553288
1554696278089915
155508401170089
155526071173397
155526251174832
155530171168058
1555683881325202
155636487967802
155636904493305
155641371161018
155641541158989
155678144489725
155853534623897
155863054619060
155863277808317
155870681142816
155875824466912
155888671134306
155896734511173
155925741132740
155936274461489
155944367947980
155944481134277
155953011149666
156000611217825
156014351268835
156026584523607
156045541118084
156066447930286
156071887890918
156095707779454
156110527775570
156110711125605
156115847879275
156167314438559
156173331065678
156203271109467
156215891098484
156293384424020
156355137883709
156371291097032
156435821078241
156465174425938
1564831837063731
156487571167092
156488554499232
156489947742348
156512187848640
156531471185884
156542254407304
156554281077603
156558841115519
156577454403175
156578347879826
155772554485781
155774897861277
1557795224447558
155796411150906
157333147659902
1573522282870904
157365154319226
157388044318693
157397344447712
157399124313548
157408127638580
157408940981496
1574174542802238
157427680988632
157444564324622
1574488656115137
157491934313937
157515804354394
157529647642262
157555037589567
1575550799337362
157560894302965
157570284316393
157580001060236
1575807392635485
1575953145972856
157606944268047
157614934363997
157615434293629
157640578590
157644927661095
157653264287574
157696637582928
157699127614656
157709227625852
156857841062014
156876641138797
156905634421401
156911714322035
156923554394399
156956497692893
156966811019549
156606651115832
156613727830016
156615844438554
1566282970265790
156632324372296
156652434545118
156653304396261
156656031055079
156687944388234
156693214384536
156693721142581
156712391203796
156713574383211
156718267723762
156730577721100
156734034391721
156747317802020
156755017830787
156761517782463
156766084518397
156767637724275
156784904376101
156820134458775
156821277856914
157186791147214
157195084353575
157198944340825
157231491116421
1572410482986114
157252314339932
157263421116023
157268531098306
157292987665068
157300130991423
157041571035957
157070667690690
1571036183116063
1571442296424471
157155967796187
277551982424388
1409671372621261
192460590786925
427497197415792
152647574937486
602536729768193
626215687405522
453930354638561
107748136018630
244058632406048
711698838896682
259613110750627
151509738266362
285438571497051
308919542554073
433372610099900
136627993023410
335790209824024
718957358138744
551581824886260
479444482132119
172322149594763
504133156295071
115526011932674
358196977673
183986128288839
201572429868435
396846597082021
283444115036384
616309365079059
102428119826628
188393084651533
161939437300579
1525790787647684
116879551817263
266931106739237
229280987198906
1431180397111428
645301732150551
230622023746437
161673590604271
471512839575238
175623012456245
520494444673118
352273041541937
586051534770378
542159789161634
1417056578541291
173584759504500
547289918660720
1381546958756697
211820142317978
378073835612328
116578628512686
422878031133065
199845333360814
501931679853618
322444524547463
482111185168044
637511516276022
301937776500982
254596761290540
345098918971318
266589310142539
446588642038339
169872086414374
200415573479
192409460844113
1483321291889507
369053183162601
126479880758592
146931968770233
373855636009361
465340230238442
245407385511089
1528658670690846
1410774672467316
131990386914754
164773576906101
109666149113523
355519827879463
467378496629404
647190385298982
456509207778262
205738162789154
329769217107517
159467897432077
239945816044951
496530223692320
156943071021075
501877226595004
235932876437769
1476215389270154
656477457792908
540606589394673
1421877914760395
560129684018526
212072648850578
426338610752116
581417925275147
628641700544354
137176843073703
1498168450471516
137236773027227
173027656186202
485309451544080
1420884284797048
127871794073185
183512228338829
207946182558252
533710336695540
683311981688016
500758160007945
133808936651392
113103332048898
245107152345330
178848518806405
190196977808893
640208802715463
129167683828034
174910159356657
319409394836640
651515418259011
169351039836400
248635758518421
199412600091953
1390213244533555
1444904802437494
345994025537428
100566666717879
315800001856728
192708417521879
142745765910669
173784149472585
472853876059768
232736016764200
399703193411775
188906857960092
582644745187497
125807784224524
415329958596052
250400085115054
498143220218378
163271237064439
229748670539042
1388482281379352
292654684094498
301170450043473
130418097047186
246323888798948
366939213464841
492857374077763
198079980370489
417061451693395
225744384218381
172435156112395
244214915633267
648254515211264
134495713309688
147935445315118
202462866621640
142380062610922
614202612007495
143977002449390
1453821791565928
290236984397823
395625130480830
149091625948
129853970417434
206585162728177
593904584021551
263240543783701
605003376259741
130010280505433
610206675740816
241657799272259
621622707936088
148565635219908
452811874807373
132230766836673
104348062979941
126008337519042
107173589371424
122703817780001
295816777127195
301992316619557
239386066138358
277426949091523
436590886434869
447318008622812
435923353110790
186944781501724
1474123279476034
285504038264838
168812383266289
147913118736461
331107227015701
166332273459751
257550181036087
143478415753973
246675495478104
670253063025887
382517108509789
130985696968640
459465957459214
457610447608724
228381250591102
162070063978443
556811761000291
416642178388961
698674086849708
134070280122579
141927909340779
1489062178018616
1474920606129171
100382323451293
1428425210704616
149430388458433
263233599731
494924053900665
1481238325436307
130794377009562
408600189156900
102006343223227
175140972554552
375723919181332
125634590875943
298686198378
489607861151818
415515035246531
274491855956039
261622647278939
334723809911700
247779482007025
187780887930979
177009742387547
295615363869245
126605360824039
219003458310585
1383023665274493
358362430989514
168095249910622
462183967125829
211679998903099
1505665769658071
213824005326106
142111389160117
248199895272074
170701949644460
576245635758892
248969395157887
421144111288691
753586504653732
100944760029369
367040093368420
410542595660556
256706107744813
445675395480126
137806016359886
303834239703844
134259700099784
474800155931160
184251381707069
214006098610650
394498690639055
290356764429206
255265227946253
422225724454837
145529015598599
474213639325664
197588617032028
222544254528838
652834944752265
151027414974435
261653083966453
669148333161705
860027614011848
315728008504960
291963657570144
263973707091850
440042529367004
293927934037215
493127480736366
475581802550583
139573989433251
1529900043952456
654100624642218
142823632450270
293948007349299
294887040675779
439114396184413
644895315525426
439441896144634
148218885275272
268774509846585
217387851618715
369297569858570
463398207124528
503251823085266
124933290910524
523508627714281
107778815968396
316392785090578
243649095778875
148529065288717
543073365737022
333945263392960
456598954447552
143720015779500
124680664408626
492824470778939
310858215034
286391041394110
340193096094181
1482397915337646
213384005360630
143280325765357
112798435556410
309557925773593
369494489805866
610263715670201
697996903549594
381253311995963
184194521720769
491756557556807
492918704113137
167751693404295
437466952984457
193335627473151
464403370294939
1457309344481364
212661425550781
201135283368065
163964100419415
571726632943066
268466619936835
392272714221067
202496933187247
461839573912455
160864220734920
219498911578880
496588163713593
120130348198058
664300750285191
1624854724409515
219030331535110
165838773555917
329515390446378
147194615469798
499224573482904
350974138339587
331194240312613
613656378743479
1374534326150104
448949958452804
300630979997114
184699408241417
520886951286297
409027489185117
119139808262098
473635686114349
324818997533646
352248004884641
308215659273890
683680944984657
454460647936050
227425397355394
416528365080296
123859997815123
608122702543838
538843726166148
382339785144365
513176422113711
341785999243415
191211304228801
153072234780788
1409638769251672
239831049461224
383549271704741
119758641537896
147773915393901
127691434101413
133866053470736
369574233147397
487976851229842
190909115411
141663315893208
208127552618928
352891254825945
327790003948762
215219571963868
100988236625198
143488415752444
485925474821806
203815933110212
603087726380929
343951452307662
1504595859817252
1454771171416702
163051157208632
580572535316760
317777718323829
1456584107899449
175690902612092
485614208159838
492854594082306
228179357371503
139763576151565
289420404471011
217858498365989
298660336970663
366685406677101
366363060060769
293693087424478
233903993297600
177632738968306
652934291414050
267944246684314
165407106989518
1444089789189771
313071088860711
162860803891549
216995335110589
417571534941821
406933099347822
436058856516453
1516632418566647
571861399582433
200037403359599
255752094463115
152928754741716
730847610305226
128789240484727
672740599438212
655075227839718
128564177317135
478281515612205
457437564328590
131649333657231
199439070212979
454914057861663
480514711961733
255146477975249
587034427991598
235999849816049
242421005829064
289008467817125
530046493774809
247352812135419
638028682924810
191245237668106
390175127788508
179080725463439
217433895000408
333128143375642
117368998338889
284959334986825
313108425441852
181470858579991
1426160767602675
247809478754795
171714809553898
403610596362848
303105709833184
1529750003905973
248219558619939
1425175297708108
585790628128475
1454363741498201
327025757428120
1519315164947530
169280529777816
484391398298530
278618332248521
195044567178364
289807764528699
348901121893596
103576376389784
178008758932845
207001615994560
639991266018319
134915050012747
585039918218332
264902600379951
397383580293467
210822799042984
255014404627394
497079977041129
156334567766099
155087991227774
325749410924967
269866003151966
182730688437680
237417789676645
518957158125024
546814885371490
1374304959483890
224853357561462
163276153761470
184890654969471
612487222107743
203323929853772
151116601754867
1388562384700756
195959020421736
453505341373905
404468746259204
255545397918649
154715854685428
428708977180731
415983441804890
142520482437425
221868527990400
439443922821613
526665274119701
582176478528707
271680396179817
118107188362621
249245375167625
466791266748835
447431498669353
269046329875327
541428019305376
232750896875477
164111723653505
1403443129918948
233085163508179
182390135197685
447497755360947
106297706160617
163157220383673
293578057475142
1576087055946747
229810213838047
137732492918793
1526564837574921
520464538001870
447320765361977
446098918736019
131726860238279
540155046060427
852509801440662
393422100707694
293412920775660
456028754473714
1523341157935237
363816730404233
133786376792017
211924795599200
600496719981085
1415227335385715
320284764767930
352043158221856
417737191616772
331228760398915
270882766391704
299814763491620
463764910375954
1402537823360245
346804492015000
366487513406381
231063977060567
122840771111631
545063308865936
233625023465119
355197167952884
456701204409049
568729083150450
216930891655619
419409061484418
130952327085885
283996975724
694229240684525
420968281362387
401188529980394
143367192397107
176935852324372
329729157167919
680735068700059
1436694693229828
521949507902383
164048390358269
224978830872583
276854015668702
254957004607544
341013666018537
228231607302110
298566473603588
1405081896398017
161908483969764
515478108494836
534901856628458
192176437617466
698009783551438
459566384141485
432660660143365
425128960831806
1428017260744731
197470646303
227833970585529
432631446838740
110483975730452
167358200004504
292486970802880
117272338456920
318165951570990
481026668615918
992935974065571
373191656114181
490152537700117
146711288864827
475576589153996
132358556802138
238363516226138
665697610191854
1492823950957535
308387139269920
700883943274754
122512087812304
209625849136069
277610915622581
103910156468296
191742154201395
143676215695354
137480502992345
182518805261003
647561618640931
417091908351938
290851741051454
466427313399873
569990406390144
470030559757671
606640579362471
549858408381371
402932109809760
478476342224638
139305859460180
892912110719566
485629178230771
257078204442692
475562945849094
239161046104738
388450811174125
547029085343652
1523798704557591
556384091082655
451026951700997
250827328362696
379309532104108
207388359298947
348985765201710
196027324212
506830836051593
186376191407691
147767855235767
296293210432384
291981674174677
340660519357308
341531095985937
788686784525131
187403421344311
361344617248152
394456473963008
1494514824142017
476089395796776
176999772336078
659909020735437
189329947791096
138733696156313
162876607255668
542139875832746
238035022998
312892868856708
371128496232386
709352659076843
452654868150161
284405965061390
275664832473076
149820381884203
173243856058686
107060602673336
388478817916560
316610681708760
437759676247092
153871981418190
681435835268589
462977020450186
735537713164721
114046168671352
294323404021847
124157917682184
270224639654728
