1427951320767496
1427988037430575
142799859226247
1428035880780656
142812449063861
1428207597393906
1428214684065205
1428293680727515
1428368750750409
1428382320748801
1428483370730697
1428601334093626
142860449084605
1428669944014529
142879819159523
1432177613708469
143230839209197
1432346990377591
143234879155000
1432378140309127
1432393010358259
1432471093698580
143248329204993
143248602548597
143250795744606
1432530510305827
1432607196999001
1432727870331700
1432804916988613
143294069190424
1432953946963030
1432978873597581
1432980330251783
1433085176906501
1433110160245864
1433296146904909
1435226586700197
1435424893414311
1435467873378562
1435569346684204
1435607983358331
1435678426704714
1435766436675790
143588775808770
1435900206632635
1435943276667301
1435971040022865
1436027813304515
143607365750461
143617659053562
1436182319993475
1436211119991036
143635042376817
1436444229909119
1436528776569199
1436556846614203
1436664543230083
142912559190377
1429128380703822
142917219116918
142928882565547
1429353337299259
1429386160659974
1429433647274820
1429567737305607
142973459100080
1429755617271935
1429764510617729
1429805773910326
1429853427248005
1429879770561816
1429904103949768
1429934070557394
1429941947218244
460952210686597
1430006377265051
1428841557374759
1428861817374636
1428888287327219
142889869115779
1428933787393039
1435169300055358
143674252363766
1436766579928251
143682849029083
1436866226560611
143688092471233
1436896766536451
1436959079873549
1436971113241166
143698599028593
1437020226516519
1437031696558964
143704179146920
1437112189901260
1437164943190251
1437170876532370
1437182426497773
143723109126320
1437313646513835
1437327353147409
1437402836483569
1437462259799018
1437492909812592
143755579150546
143758342486998
143765165706572
1437712233108836
1437799383165253
1437929046441154
1437937596424345
143797499041339
143800912349302
143801379018755
1438020606427258
1438195079798934
1438197933111213
1438417959711979
1438463939752631
143849985813581
1438537816429246
143865522344152
143869575752511
1438794279715584
1440352286201575
144038935660444
1440444702868068
144047552343966
144059639000563
1440683226149845
1440684392844901
1440690812827638
1440759702815809
1440768129530219
1440774536163723
1440850406147626
1441085489466024
144111898984361
1441284156090643
1441309686129844
1441340802799311
144135659117212
144143345653662
1441514156095534
1441527069443278
144165615707436
1441716672729473
1441833302763429
1441834096053178
1442168702701413
144222722349570
1442305509385128
144236045649296
144243712304941
1442447485972078
1442595262630165
1442632339293010
1442708975942110
1442772605962444
144279575738641
1442857535938011
1442889395924038
1442899582635539
1443016675954945
1443066859305201
1443229829246565
1443300285893149
1443321335933755
1443328459249856
1443353119247811
1443498322537065
1443555739211760
1443588579226793
1443599775855121
1443729522571112
1443828935871227
1443889295864684
1443889389200454
144393265623781
1444004462511400
1444111159160008
144425242286309
1444288129169747
1444296759183163
1444333965797115
1444421165798717
1444429739110564
144449565591674
1444542505801003
144463649027706
144463902424142
1444650975763484
1444718225784994
1444767969123100
1444872825790385
144487475643330
1444887635724622
144505238961208
1445090889066164
1445110309097081
1445137495714416
1445196315726565
144524112406273
144537982281321
144553628963632
144562882280851
1445673549012373
1445675595653384
144585082260507
1446044825655285
1446176338992198
144622505607368
144633939007517
144641292315486
1446453085590938
1446514182258305
144655912266892
1446574155610393
1446635868916413
144665035629909
1446699612271659
1446787785563382
144680435629451
144687992261375
1446895135533806
1446956015543038
1446979368859669
1447012985564788
1447140985511210
1447152072208578
144719272385726
1447203108898184
1447250878836831
1447299618847856
1447401768814817
144747275722428
1447766818825134
1447830132167447
1439125799659719
1439137059692499
143931662310591
1439335919634342
1439432179613886
1439446016341932
1439595079616428
143967308947777
143967795665896
1439731216255036
1439793452917986
1439838386258450
1439883762958236
1439897562892970
1439919219574970
1439990159569816
1440123862868971
1440187602882688
144027292327969
1440293269575663
1440298106238355
1440312482862862
144845288919601
1448761958677356
1448775505361386
1448833778701173
1448899492014101
144891302274628
144912302245064
1449137021975888
1449484041937942
1449519268600089
1449592708655477
1449670725315255
1449902015238632
1449935605253252
145001492232572
145012662199960
1450143485208537
1450297865231205
1450514738518430
145303165633987
145310582208951
145317565541046
1453349198210494
1453497071566812
145354428972489
145356892329320
1453688191568447
1453866688182947
145417895652841
1454180188148057
1454243041460011
145449832287628
1454637711343260
1454843638085663
145485502244045
145490308841346
145507518902080
1455366274722566
1455455511352285
145548985511355
1450872598483623
1451000721800921
145108932335071
145117295552437
1451179768468954
1451282801805091
1451335855118819
1451424508420794
1451544111743701
145157209025798
1451772971732853
1452000061695947
1452081668343334
1452129965045217
1452307995026903
1452318751695783
145232342229236
1452367504992159
1452453224983732
145252755509280
145279468978973
1452898151652713
1455543011337185
1455669451324191
1455702411349548
145570348852256
1455733044672897
145576702178283
1455900571321261
1455914647990082
1456051464649925
1456099407934909
145611638866856
1456210121277895
145633308980885
1456351731263989
145637502178104
144815645611056
1448294662087054
145779045539210
145785275571115
1458217157749269
145828982143346
1458300987741072
145831815490192
1458354917778128
1458470327713532
145847385500368
145865662137062
1458836914369866
1458837764345161
145885678807961
145890075500898
145912728819437
145931418832833
1461722307450893
1461813374082098
146188072117151
1461881904095165
1461907434089334
1461914857362701
146192425520388
146200385526101
1462105344010702
1462411404013120
1462434057333442
146249018742780
1462529610643305
1462694767316213
146275308762634
1462840127282305
1463002837264204
146307388759185
146347382090132
146379038753801
146379232135141
146381695429547
146395345485495
146408688861927
1464116100491775
1464214877154129
1464604843805816
146463825409782
146465022055225
1464775353763366
146480052088719
146505995423076
1465115063720636
146516655407207
1465286123718045
146557168734482
146569365427996
146572455414365
1465792546991575
1459737830947261
1459831720913073
1459832457633746
145997615587495
145998278942314
146007918796853
146048718811239
1460522070895373
1460711317503466
1460744297538647
1460761150834050
146096598891887
1461073784126024
1461176460767134
1461180767445890
146124135433178
146137588743974
1461458200738277
1461469587418681
146150615449364
146151965549139
1466071317003513
1466329036974104
146640482061433
1466669913570172
1466707720234050
146675965395448
146678152107352
146685982054342
146689525389651
146695542053571
146712818722579
146718352193088
1467247746838313
146738325383757
1467450183488167
146746108713498
146757475491010
1467670666803077
1467682863443072
1456728377880009
1456803057871153
145683845500198
1457080687854547
1457148417857080
1457170537895371
145726175494310
145729575572899
146383212079206
1463888820508378
1470303916582285
147036585365207
147038798686966
1470481506523908
147053948798664
1470792479806251
1471120749796678
147125468708485
1471337773081377
147134365488382
147134908685893
1471349856461538
147143922141183
147149462013527
1471657696393123
1471807403051915
147183075351979
1472011519685154
1472089929707948
147213635306986
147217002149265
1472479149634322
147257538703020
1472579606299500
146792832058403
146823688715752
146826905374735
146829812192459
146832295373656
146848885373042
1468546530080908
1468663246690238
1468742353388156
146877645370538
1468905760022606
146891718701907
1469166103321423
146922685441568
146941785325759
146958588678343
1469688119931246
146969625361571
1469786273237220
146979827710
1469807996599026
146986795404709
146988952118543
1469939696625056
146997988696328
147274375364698
147277848664334
147282028665211
1472837546280676
147299865473947
1473116146288710
147313602131182
147315495313654
1473261556252900
1473378149548595
147343915339120
1473545276225761
1473548342867172
147360912025161
1473659029545088
147375452116036
147401585320848
1474110029494392
147436525466876
147445945428100
147447591998992
147451705401882
1474665582818268
1474880956122544
1475121989421533
1475436329384392
147020105377216
1474217289488536
147262045336037
1483629415212635
1483675431872796
148383208672292
148398565214595
148400155321321
1484039545149487
1484047315152750
1484236918468118
148439778557751
1484669851763711
1484712188485236
1484786828471650
148490311942565
148506038543687
148506438649933
148514541827127
148516161876673
148567851869417
148589261838465
1485989104948971
148114238689543
148124988598672
1481275812106902
148128565349759
1481306118765010
1481394118755962
148142658581907
1481510638757144
1481517562077192
148169495219412
1481776065391352
148184458605420
1482299245325438
1482410421975509
148253078588595
148258358583025
1482764331938786
1483337788576414
147910205312553
147914281908682
1479152652302354
147915958723705
1479282602305125
1479357708971979
1479641738949039
147976758600600
147979345304746
147985941924151
104667016276598
233785723438762
1480104212233302
1480196902226516
1480228302190447
1480339608897677
148042032065938
1480438578869541
148046251990914
148072288726221
1480751488856975
147727768618980
1477311742485389
147746558699322
147748018719419
1477831755815902
147784572085379
1477936955783593
147811671943824
147823668607222
147824495284701
147838438621872
147838788643683
147840918611295
147841258603144
147852731943074
147549928646936
1475655592678793
1475813035967764
147590815251740
147595455345322
1476096375962226
1476105805934198
147613698768712
1476235692620542
1476287115963135
147634125298571
147647718759400
1476516949270119
147665598674636
147678325294152
1476815132599584
1485995381653800
147548478634860
1487929968097967
148794745186048
1488095118087658
148815711977428
1488165221408901
148836521884626
1488446241367898
148852071879990
148855095312798
1488669818017402
1488680611368167
1488711748011224
148879755171210
1488835897994873
148893568504836
1489186197971599
1489202004633226
1489210064651862
1489231874655280
148924235162384
1489535397924778
1489691987935565
148972305206999
148989218594071
1489973104553477
149012648570761
149031328623893
149034358483521
1492374124376725
1492384274327426
149240191798525
1492443484357606
1492447901005462
1492689784299754
1492870080962664
149297865152478
1493031987586539
149334878490222
1493412457548657
149353678452086
1493657104184871
149367751825695
1493731920882736
1493758244196813
149385038558465
1493919587489636
149392328558075
1494174104129250
1494253350840841
149425918478868
1494451280790573
149445285185999
149447891810895
149460481922562
1494621567418812
1494631907473306
149627455079254
149666315087540
149669395199848
1496727777228249
149683551761097
1496847117237056
1496926003854255
1496946903875123
149698248416917
1496995147182855
1497088747235324
149731981757170
1497437847142819
149743988557553
1497614230468375
1497682457129300
149789005207158
148613411858614
1486167114953408
148623251871338
1486298408259831
148633891901677
148650391872969
1486581664889213
1486999358227568
148703038659258
1487039054864690
148729321862537
1487429718172163
148747551965567
148758591852609
148764848542622
148765841842852
1487692508151675
1487868848108809
149481528449182
1495055644065253
1495252410724512
149531785106377
1495344987379134
1495378257415517
149553208426912
149557945113176
149566128438439
149572975104535
149574271797340
149587885245142
149596568470460
149612948431228
1496162167262477
149619158425692
1490690641151914
1490746407846577
1490899951127896
149103065235484
149143915165808
149151165257445
1491586617741803
149176515236915
1491833034381367
149183995232360
1491890444403712
1491896904388754
1491898121084967
149196845145577
149201061906719
1492097391030174
1498045323779158
1505422539669172
1505437856357573
1505481396358215
150548471667459
1505678123015687
1505906526309927
150599285132775
150606621801163
1506229909631337
1506309552930452
1506462229596558
150646604994587
1506941319541378
150695011661239
150731778334524
1507379286187932
150749828364319
150757680816
1507644462857297
1500703240165890
150072415153894
1500837350193355
1500844513505410
150091125063592
150095231728683
1501049590148823
150106241757346
150122071718421
150124998380002
1501308546758915
1501367870134659
1501400913405237
1501734953415675
150184081714926
1501989523402209
1502312933326623
150233931698512
1502514086632515
1502521206672816
1502579186628486
1502712136614451
150273345158323
1502788896600735
1503088409953811
1503105613293210
150310601799547
1503215249892130
150331148361671
150341108364255
150360244988001
1503631316526262
1503696116529756
150384628348048
150390195006716
1503919113162324
1504150176515257
1504372116485231
150438371776679
1504441176434319
150477568495075
1504840843080372
150498121796985
1505012453107140
1505014533046044
150501901691905
1505027629720159
150507778475697
150514068484733
150514218326900
1505241383035874
150527271691338
149810318516353
1498150917079739
149820568458966
1498253980386211
1498337057062969
1498574137061686
1498683170366725
1498881436991347
149889611733318
1498934467057698
1499007420326624
149900965046446
149902661731439
149912848384537
149913785049958
149961385093140
1499941420240747
149999635053147
150007801849321
1500163996899382
1500248840187492
1503192003261950
1505365886404891
1510236195856634
151030401773010
1510465892506771
1510523889161322
1510723175808349
1510765785801809
1510965119133783
151102955055752
1511048609141522
151120104988454
151129805025978
151151198279815
151154831618128
151162904968433
151196998387368
151199071594218
151227344990288
151247221601335
151261044933530
1512666302296389
151271324936558
1512823402263850
151554131572091
151583424918794
151586945042602
151595604900024
151599864862515
151603098312480
151634458350580
151638748239760
151651061593795
1516546735227275
151663388366785
151699068284489
151703848228326
151708574900208
151721824927803
151722231556247
1517728208514899
1517762551837496
1517876811791800
150811351736251
1508115749434062
150823314998459
150827704981307
150842808425639
1508478582704741
150859368457400
150876158311721
172764779565999
150902591645507
150911471783766
1509169826021002
1509269589286165
150940575075263
1509416885947993
150947564969162
1509589842651364
1509637939302898
1509763072579716
150977224988593
150991514961806
1509932065903509
1518047651743552
151829364888097
1518407305054871
151859688204992
1518699555036572
151894198321770
151899174869619
1519029174987367
151916494873930
151927211576197
151991351528663
1422106684704068
1520016728220142
1512998872256461
151302834971918
151307978276188
1513258155568029
151326961609033
1513277565553559
1513290785594213
151329344920973
151333205026755
151365364927111
151396574928426
1514023962182903
1514026292207795
151413104930756
151414488286651
1514399325472094
151450051645574
1514593275430756
151476068389268
151478294939494
1515139305364161
151521054915308
151525588268963
151531078249936
152013754972443
1520230274871775
152045704960835
152050321554386
152088544855478
1520979724796413
152127724994878
152134638200073
152134974853559
152160681517001
151292085070641
1512933172262629
152498411473211
152530581471094
152573601469401
152578591509593
1525806560976732
152582448239866
1525851971024469
152598084798733
1525989564310497
152608171468215
152610351497863
152611668155233
1526239470933990
152678604798838
152685524896291
152693611453533
152701328106848
152703838264427
152705524846107
1527132084169368
152718318185866
152721878215083
152728364844753
1527635070813063
152769221418327
152785084867557
1527955817440500
152810784914556
152841971547595
152847191444523
152849144772797
152858154754182
152878638086091
152193038170981
152197868171905
152214504838080
152221468272660
152221904965564
152230004941688
152238804981823
1522410041327365
152257441641210
152270818121520
152276501508567
152288461598164
1522912321264882
152304214840571
152310014911782
152311018265179
152311211499631
152314451595230
1523377677937564
152372988152862
152413354841127
152421488150109
152441598149657
