223928204428571
443643495762005
1385805908308646
440230059413706
542219925846525
1451052341824333
234333903422084
487129447997869
233151876714721
382243828527980
113147755427074
1388650121387185
223134281188936
132337780171386
177751482415515
201053296706501
634118449948844
258551660825350
210834855630924
411743342218403
667615249958904
465336763479347
206413629481251
219398068182550
221645547849667
531275246939356
157151427682059
367827189959750
274044242781408
793136014044341
1406456922971223
543669292404255
666042526771202
463460543739203
1533431620216402
130710986973500
570371966318396
169694323207381
237069033090568
217812431721786
120459598096796
259328074247412
183687745049799
404445406294982
321930824613990
167732146746901
1338614966911241432787453623873
419887678072502
1496296510583971
128287323974926
675234782512022
677849338896355
165467573577021
311380508999236
201680903268939
433177210118978
194488767233995
463609947002687
343869785741954
452975094793914
205751599483516
460612947325211
528729270518485
522064061174106
177138765731385
339143172855301
255348604646638
197190230449476
174538722595076
372756909436217
189999631179708
166888610162693
622893784416281
458323624195875
265271550279637
497086803708025
677190965640290
186416898181553
445031522193332
218820254987583
375044395957773
228425687201126
150116308513033
731368270211722
535420339877285
159087777603160
138092392919115
517401598313724
1414411915442566
582335568528103
372737562903921
534140103321151
1381292375462111
489026561188153
411981738842760
148272018560970
237315096452918
144794145712952
700618039969959
240356466130498
369553233200027
444794445600007
365623290208027
449897595122222
1435817683355783
296288150500626
146627608809134
140121529510764
499450880135522
613835938661858
530535697047192
109588852523623
175617192619278
304311842914298
136430156477539
119184121591364
195241397296457
140045749398649
1469490053299032
210103239009528
374026546000688
267740413370260
358476577522591
172578509581596
510936502317815
227691263909490
158450854323673
193661507332795
193078520726776
641647142594496
145243855664509
142763049170336
503946642988037
276330082531145
623438194366109
509116059137846
189358551194495
336873039747822
374847115933150
102850056592610
197686913578028
498453053590143
442152692550335
112611362094065
314923255295069
105744789500562
124030671127799
174321869391
119769648174581
186416898181553
473238422726970
298680740170840
316392291774417
143658555827072
193029630718965
192689250778434
400571330064517
316870538336429
149107575107764
648616348487225
140556716012638
660441683971797
330362537011297
445031522193332
168650196520006
190386181001103
183922718330194
466135820155441
611954102184318
622091577821684
157353527793150
218820254987583
167395773321990
604314546301852
351143115031831
322664364508344
352030338238104
136361216530652
549278431766045
375044395957773
552930288139114
590749891044716
349854275095311
451676071621625
636515039705731
643556915716284
1427586030852556
284620034903483
253539098153569
130343460374154
1451726751724993
114661898630085
175373452654620
735587786484342
169942008325
161716820657790
224664267696136
577351805704415
228425687201126
246325665387918
1549012378651969
150116308513033
100319380059831
356944464412199
274880482526597
129790177228278
516996815065673
731368270211722
192082747492059
180658375291394
124707550935532
248430001981493
707230519339013
173913835995248
392742130842886
281450442617
160376387361936
1425275307723207
156005331076702
121344017939457
783929464995939
543406892356447
258281484285009
545973265466653
374483692598202
183803618340571
441672905867572
440818576009161
441363645885127
378763152203125
182878848546059
1494030024152381
1423585524519627
496578730409632
535420339877285
250456125092324
1532699490282679
632701196758889
268248936550818
221040438078466
159087777603160
592815507418569
406376812752122
428967137187361
301614899854003
345311028902037
185766528242367
137441349660477
316955445006021
355130371262987
278246705609106
530968120282827
189350094429507
575395505890303
354778227899228
146374488760282
577676832258608
16378494590
112637538894075
142213415844630
405665189513962
535392336551743
120681321430605
534838466554836
200603210008651
358915600874884
216552154604
395317217235059
1406642432908052
420771791357013
514663008620860
138092392919115
130284740483309
158649884214071
324686464308635
322235984572179
259626290764785
517401598313724
144551358917461
288358957904760
150204788462475
122031127848710
202626303170176
229572643761368
304966809547036
126082740748677
834564939892987
205659532798796
113114935394034
539963269348265
333611003425857
100133576724512
786360461374151
1414411915442566
1414489662099688
420627597988153
153110831407201
214623155216028
190369117664550
1413767465531741
1547507455483363
165590720311207
447060381980938
413567098654268
495685350517351
460773360610261
282182131881389
493508650762807
195035203886643
462857130460673
157858864412443
169974266390787
182211075196051
265766450189208
543266505749891
160144950715498
121365651269931
305078779598275
1548646315363027
109704839157625
471070206315930
748068951892331
153956048134862
108767272619165
416614361809623
428996670564595
332048923608051
599285500108885
301641273271211
272934802801932
541795975885629
228545200604431
506097616102244
224944082176
654019627987737
246997885459250
208240505966910
232478870208711
209518655842715
157244660996301
111481162353324
220009934817986
338957642899503
183115515035149
158500704215463
276197179163047
667207263361339
566045690085333
590680694317454
436674023094262
389269754477490
235937589940429
1014810415201708
325230600956253
233808703488375
477883368899410
274954532649093
503345256346563
174508225901675
631662673543965
180355205421405
703673199659761
125869184266626
406649329420200
418302078237022
243296192465146
141115752692128
1481884595427863
250761428373662
1485613368393976
303328759688745
468532996555805
739188366125259
103322996417229
369235893204764
185576154797046
1388372151429573
1417605231785370
1417538751844503
515282781901845
242314625914304
121255694623482
178720945643664
459611060831117
279160462196265
509533349066181
535676023111282
384090164948018
480574288652378
256458877805269
319088681544968
127733944089717
179443185403806
232592303606030
305072896230997
802026253203174
511836815577571
275221625913976
820857037925601
188094251354577
315525928582658
542470539128304
120785448004873
268513456515827
172465752859863
397149597007527
279505028826005
125883987589510
406754672746686
445782968861040
196457910493754
422393121107971
171373079647108
408197382560292
435810676479503
190537134311778
1419595661614934
159287604124029
710862058973498
269139436531334
136075119880438
373961406069801
447655688589518
259665867418170
580912701994633
123514317820188
170319089665256
1531590287076911
429468337090890
157395470985923
257726487599714
345601578901223
255619581208588
221659418040051
563757310314070
318109158279193
470581582985661
466832003439319
179380772116310
574331289349609
558605114200547
245810292163965
736345196461915
583412491679466
233609480072476
1376283582606182
423860624339073
526125234106071
409974122395905
422025824513411
527291130662343
168715363142157
514778241867986
259589894116705
302702436446979
167176860012532
1374748232784920
326385437488403
186784001478002
510414759018211
468285463311287
207079189451405
116475661709767
408064445870999
177103272425154
141440856059227
430598243627803
270603269616550
691159670958970
526917104044418
209369422421948
113995951961186
1374275749480522
607903802611176
413437768762521
486904921376302
455316991167206
321906744563684
362276907215934
127580627452393
417389351728764
360323267403586
551555091581950
314317482003872
101511443247059
170714786463711
210749002420714
171382743068230
106786179411125
517598704968806
406870279414626
233347370109811
10150152027475543
509059439112901
497785366962448
1399516766995058
132773859063
400221590067471
138168224719
276501155755947
227996870664126
100125990068610
180765018711815
1470929913178265
756006414463606
271708502954153
248511638619654
485309131481979
523483194393071
177529292264161
542470539128304
435810676479503
710862058973498
526917104044418
271708502954153
485309131481979
149351165242699
405607786206520
149049375140460
265861083488024
348964485176759
1452066155009708
125950197564129
481271681949889
357123321040573
338500502950707
514271155311303
132334366835679
1437652559838581
292977277380470
400526190044090
125244430924316
130740453693180
183268708499490
1383984675146249
533920976638194
622271664449790
574767549217714
191728557538149
459679254122214
100681446677108
175935615820445
1443052992621404
198248787010282
554266131306100
565383580198020
382412778488130
176760389113659
346478822148406
556768777693306
546766182013326
679918508696710
369391053198250
1425225237710470
170121509855697
745305895500532
152306838208063
325028154261469
442774689126428
764152413626375
126965730650299
313607848697216
123697081134276
144927902247727
180365525340738
733063033454161
119288414839146
609525065749601
112045192266925
525510904133736
159301954202838
1392030294352613
576861222363013
634851669866691
916495948380063
323723617778358
408888759130574
458690834207121
231063810322816
288163874546922
211814488942442
705437799518360
1487756961450105
451988774892448
583192585059003
1403656899876476
480069415467928
513367522123237
125361747490104
484728084958404
456455267830119
592752147525195
211001599091266
588766311166244
723564317697566
182905855236052
216249638493737
298290703677676
298296030353946
298326650302028
298566453563509
298611486815806
298645973644658
298673313535352
298686436959378
298697650155139
298705573614399
298744203591076
298756276835060
298780533614494
298802406862524
298804820159955
298830346915013
298848823574246
298875306920514
298929096900528
298967986904213
299008183608030
299013120272314
299019560129544
299075803461538
299210963523849
299225796801898
299228260170481
299234626779191
299268256768017
299355080124967
299365226822733
299400733454432
299433350130680
299513566833854
299630390081715
299671070191189
299771180067874
307054822679041
307066109419206
307071962752028
307075912642618
307084946010042
307109169338820
307134322720602
307186546045876
307227606072266
307238919405755
307274139407975
307317542807282
307436849326581
307509372728489
307523702740744
307545022589890
307552356010098
307603385932588
307615769315723
307621532695723
307675206047792
307686716025298
307742542742623
307747415975273
307760899402735
307821949250723
307839556062845
307851919287201
307864859365871
307926279366583
307929079310169
307966982624178
308001429353944
308031472633477
308077872671086
141938119232071
308110822533067
308150209202655
308176026009000
308218812576657
308225745865620
308236682687473
308257849219299
308265325860428
308419995883844
308447616004951
308500699177590
308569239195270
311028085721597
311061898922209
311079385578900
311087112299028
311145242353662
311208685651036
311224195671114
311255921943
311255995617884
311307072344481
311325842268499
311389422347458
311390078904751
311409612232006
311558032215217
311648188879585
311913638924785
311999042217482
312080115469546
312135668920781
312332368879088
312352342240131
312376508888800
313137048714923
313160075506591
313190345492253
313266348856556
313277875518655
313286558687851
313381065420793
313383992015317
313441935464982
313508415380272
313608135320157
313634485469312
313679072157044
313682365324064
313689058751451
313858035419875
313999222036709
314020608682226
314075782059750
314094862030604
314171875387291
314205435324037
308971512551791
308995359117641
309027555793082
309096515887228
309104389148246
309177875870588
309260325753590
309287222427341
309302965900340
309339692525131
309367902422321
309435802418548
309499259176602
309518332509906
309607045802695
309683412491780
309794769164218
309903625836195
309940692462068
193088000702690
429519733749922
141892104995
310065725823954
310092842359876
310210912417640
310222339111257
310377508985135
310388188977737
310454955647986
310482852437234
310505249090742
310576069100911
310597749067718
310671925649829
310702425713277
310782932432928
310785595717854
535644419822104
310808518947780
310886035645283
310920149054555
312463322197866
312549165562705
312549322166662
312663712101994
312698562089303
312763068908662
312896478729119
312963152146909
313026188836294
313040385512943
313046402077621
313070945499263
313086875417112
308774602647483
308819822465001
308935652488575
308966842613083
308971312531306
308770829281639
309975445813672
309987162476912
372744319505830
372887909397821
372903746069072
372921536085184
373100696098580
373188306027720
373351912687274
373355219472504
373378069393307
373477826148051
373521619387438
373769289401308
373789422647718
373842772718478
373860376092635
373889012686432
374052002649772
374069195940996
374089826006891
374097075948443
374100502717068
374164029393685
374232919311698
374245979368778
374324289362124
374346179377177
374410502662470
374427592574402
374533342626729
374584392652116
374715935900889
374732339296723
374755369291168
374795349299995
374804902663701
374819172528777
374860835902640
374885139287048
374921612523231
370147366464221
370187056364384
370359086464563
370466359729736
370560682958231
370571369639378
370632889654895
370651233038219
370845286267411
371019983011911
371043349733314
371072533012374
371087309579820
371211872954793
371255852967816
371256689601037
371260092979691
371394159543466
371401192956356
371419882907180
371481736226519
371534686277373
371622022858394
371794186289421
372005046240395
372006392832841
372154866205561
372192406134701
372202526161985
372253882866107
372261489524009
372295729447377
375231029279846
375287485865536
375298572589903
375334295866812
375418889268738
375431599229564
375431849240621
375515975880101
375606905848487
375664789196224
375691205800877
375749412549168
375820549188881
375944839194450
375966449145442
376047992444126
376053439090257
376163712500864
376208029187803
376409565765326
376553109127769
376589292378338
376596542469637
376629335780706
376665739045427
376698729111239
376743085704481
376769732405627
376854049113107
376854765752888
376866122462589
376917502339985
376958689036116
377008622368343
377011749111709
377083618996056
377172362421815
377210879053370
377349182279128
377365218989805
377404649055975
377408505683611
377793672233281
372541602799513
372635146093627
372650162901946
372655242853120
372489252873052
372501626180441
375067615850400
375108272556347
375044322635474
377214818829
377223695622712
403749962970636
403763163099751
403883089669919
403969789738806
403971179768423
403994173067750
404015833074442
404107792970268
404189613032034
404213729641184
404245142920743
404364856293388
404423859613853
404470389602541
404526343016218
404538842894988
404548002996673
404568506252707
404620286304943
404691116329748
404758792953824
404782179609266
404893049647912
404945219637031
405100526273924
405171562923701
405255612913845
405294639579898
405334336225481
405356589483935
405423899549343
405515692886827
405521939491885
405531012912360
405559172872254
405565376175964
405578366187376
405582429544077
405590656207853
405656789565431
405725289490862
405747819520484
405799679527888
405813796210286
405823109457668
405888046217508
406517202824401
406520149469769
406533322795582
406546039404608
406619779408863
406685699464004
406753642738617
406975329401944
406991932654426
407108802705695
407263406070613
407321815987395
407371959297896
407382762606751
407395976009736
407455329355077
407697836034916
407735396018924
407759105977467
407795832623379
407836932640779
407983622660580
408016492645545
408211822585994
408231622669177
408496992541443
408530355877956
408728539262113
408843802549019
408859389206336
400795796734734
400902083294559
400905216693647
401049016673414
401064216629312
401087276613540
401206626585116
401314176687541
401326766636051
401454593293162
401554599909832
401609196596613
401623086626547
401784046595763
401802649855219
401866973263237
401924056574744
402051873182747
402094729816842
402121046535297
402393739899860
402491879852953
402587039831092
402607783083013
402611063143930
402759129868664
402781316486165
402785326515079
402794616512254
402865783094256
402922893177785
402977626444567
403045416411027
403071176417764
403152356462530
409186929164849
409321599104741
409396999143538
409425799155897
409430662527858
409484419150864
409548565839588
409573739135522
409680749075901
409719255760615
409853542470484
1436987929890160
404856852861440
629845670400767
153249901452316
410103349131598
410120249080208
410141565748378
410372075762303
410391492429917
410531702330657
410600639032849
410827345652643
410868685684101
410930132274246
410935005592494
403217129700784
403367013138275
403372653013361
403449669757592
403503483029805
403567916418810
403568496414220
