224656967581712
224668421008364
224691387844
224725890945034
224781284260339
224803287568003
223132974371406
223186694541297
223227297836487
223248284366921
223296764402647
223299091143800
223321867846487
223325667712456
223331097829456
223336414457879
223109061034000
223112977830378
225650730932167
225672557562406
225693244112495
225731414103603
225734017472174
404192593044130
225808270876859
225812357562541
225829947442402
225836324167237
225852114276847
225865240893568
225892597433531
225893630801358
225899927578454
225908217618735
225912977436843
225917120780613
225921960865355
225948327572451
225957247470201
225982704208636
226018819175
226036950765376
226046950881077
226052724166194
226057394074646
226111594218762
226130874250206
226133494143454
226133780894261
226146977532267
225417801000654
225492170818270
225505400985118
225511787486329
225613357450330
226442710743472
226491067394050
226526314124798
226529690841355
226568397401289
226602954210013
226604284019896
226609577440726
226613304127180
226181554217885
226247937574580
226279980896993
226299497396254
226314997459865
226317930748759
226344994075535
226357104118534
226374324202020
226159760754453
226166217420790
227203864117521
227205340819251
227221740770035
227223853975711
227232547470820
227235237410178
227241860788262
227263254021987
227322690632102
227329884116940
227390257457895
227394407277107
227427653938425
227468024016041
227479017320289
226729914029979
226759324058044
226781797335799
226792390805719
226797427451028
226837940753895
226842847509207
226857370695430
226866854116126
226868974132418
226869994067715
226892734111278
227495207264555
227501877323040
227503827302193
227508097338994
227596837257725
227670027279535
227707730588273
227713784060083
249823471868846
227000024157734
227004877506372
227075447492833
227085000689804
227120380773418
227134190813621
227148314109647
227157850730233
227166433978722
227172770814490
227802553917200
227810103942475
227864690634954
227886593931765
227197760626363
229638780531470
229717647041320
229787510483497
229798420375797
229802200365538
229819797077557
229882967186615
229930443812731
229932400502076
229979407025725
184624484917204
194600363895717
197745126958673
230015747036829
230143297143351
230144117110389
230147897031348
230160137042138
230167917107983
227978504015217
227985607258807
228121790568301
228156417392063
228244587212392
228255717270634
228266720537059
228270057316965
228271343942983
228285183867359
228295010549769
228339513932295
228357170548657
228360017174958
228401547282579
228410333980275
228423393841340
228428690511917
228429467285386
228440033871211
228475943845779
228513120499368
229050343896041
229052897202144
229063240778
229074310515827
229089510470854
229111520452624
229132118431
229201323922293
229212110517763
229221130547185
229225140444240
229255903801168
229260010530748
229261877087769
229274063827488
229281230604844
228559557189290
228569667191712
228570630531654
228592637218846
228627150618161
228630282563
228631733992294
228643810513175
228673537158211
228702210650456
228702417233580
228757380508777
228822360500759
228822890462137
228826960616456
229376597074181
229401813935561
229505127178965
229513347238586
228889210611681
228913963923413
228927337191924
228936180648132
228943743916372
229007160454106
229026767122769
249884695200322
246199692240553
246268562097091
246281482239744
246288812187424
246303442087405
246364672192642
246415068779167
246424418885153
246450015458577
246472848733540
246535492182701
246557668761000
246565768724310
246573182072450
246582288689778
246583302209313
246603492160742
246715302131889
246779712158312
246789225380690
246801432009943
246805502004777
246853975522562
246861382004563
246912345400629
246932638700007
246952588670670
246987218702520
246989608771884
247002582102090
247057431972724
245173532302819
245190325498462
245234118870563
245253702284746
245255618828113
245302591424
245315562168205
245316098838153
245354825545276
245361189006175
245427378863871
245440378817187
245461362254081
245489238966699
245543298803219
245573452121604
245608315504902
245631132298919
245638445487999
245674072152959
245696975476907
245735828842036
245741618861124
245788285555093
245797908921221
245799592236297
245825512216555
245895395538091
245923072176838
245934512083333
245952908902074
245954342194882
245979208807969
247261285483768
247273822098450
247327795432358
247347935395018
247443315420626
247447862124488
247462028771278
247478945392941
247488715278901
247569888771574
247625598757853
247626515413009
247660888585153
247673258659077
247698482033773
247709792047505
247722295431328
247734461998204
247735045244159
247771685294517
247808465282738
247833358589206
247878021890393
247894408587116
247920418737650
247930042045274
247943572025647
247972248634670
247984538684714
248096682041291
248330208561065
248331271999369
248342378512614
248355968549045
248367511884871
248493691836122
248521915191981
248564391834568
248656128554580
248769071948497
248770818508675
248787091973462
248793421801002
248870541929384
248890118595232
248927845230667
156308297793296
172494602786057
158426744326159
249038661886607
249080161828354
249093458504786
249136511777804
249178535291229
249180695147370
249243245233835
248143918694472
248164375228770
248182648668387
248201615190666
248236648677033
248237928590441
248268031854691
248283768592021
247184345312085
247193372145910
247211038090
246093318812586
246112385532233
246133432075573
247121332014741
249487428431555
249529211878094
249566048569212
249585295222097
249606825128427
249645801824718
249680908572926
249713185206718
249750848392648
249838255062519
249861685140678
249870635131635
249884585088251
249950128486613
428630700547894
310398585794983
453712771323393
250005855112755
250015268376077
250026598411152
250027415203630
250028298531122
250028368423809
250111151686774
250130275014184
506860409350031
250239271681601
250248658413881
250263591759448
250266611756922
250285858321399
250301884996326
250327998477122
250444898467352
250456455072710
251794554866654
251795588203918
251804881518139
251900554958977
251934611666336
251963271485128
251987244888300
252023338158163
252035871665583
252058014847546
252130501574043
252207861598057
252209824981283
252251878207832
252293851488905
252341844976057
252377348134123
252425238105538
252440564949760
251077884989723
251131134994519
251167385033644
251175571608384
251181771667540
251187161700796
251344761545588
251406288313650
251437521711095
251440254885535
251446098230113
251464395044715
251498015038639
251523074962292
251526828250240
251551878378366
251587614981641
251592858339317
251678758357714
250627058413547
250657891636787
250690858395426
250746448426056
250753081629127
250823704931242
250827931639876
250835004993608
250846248378675
250876385005335
250900311598581
251019738366182
251021525083139
249283438440694
249342335117396
249410465220716
251056668280352
250486628421816
253029781500267
253052468224536
253090771416389
253108761504520
253175924709035
253187548037312
253194508150005
253208868036810
253250198111763
253276944819602
253305038149686
253326658174926
253331348017036
253335074812204
253345284713663
253356448122999
253390398035696
253427651380904
253450771465708
253464681355084
253522794763508
253577068041174
253583354688248
253593051320136
253604994666434
253616734819622
253729617988397
255279697888117
255302207940004
255326131165487
255349954478515
255383997832361
255398224473295
255410804667444
255423367869844
255449711177926
255473084555071
255490481224023
255512581285306
255541744656639
255610317813839
255671107808923
255716247808026
255785374588073
255837141247073
255849037767941
255952501157021
256007317924081
256015921103616
254099481292289
254145271273548
254205268024153
254264457958315
254278861314542
254333431256710
254370318104773
254391111287400
254399798074554
254407038081608
254414291381327
254423498020542
254445851347049
254450384639704
254480637931982
254494694723134
254513344581166
254530257935025
254543191341780
254546084752436
254668964606655
254677357999730
254678954578977
254685698045940
254688901226519
254689121244399
254715354552670
254732841273971
254735704583734
254802337966273
254862691197330
254870617865794
254900117867166
254915521226583
254941664669179
255007744574542
255009614565353
255064458027158
255068911187205
255095124664217
255201687930860
255221961312377
252575024816608
252620971561099
252648221567372
252756708265134
252759004805130
252764191523830
252775281400052
253760038135310
253847984822709
253929634654676
253960504756115
253966301358078
253995304745163
254015301417866
254067367954550
254082064752593
253734624837055
258917647455142
258949384214575
259066230934606
259095214298141
259095507440265
259106230962654
259176860925605
259207197534694
259265297458019
259276954282955
259355327600579
259364407505491
259365127463611
259368940774941
259379190765296
259393544215552
259393697516171
259399680813257
259439117402376
259472917548246
259481824210503
259487954083412
259520347517397
259529090829207
259708047536606
259744607498198
259765600701165
259771944070151
259777800791472
259797877363751
259801430833957
259852194082433
259852657556638
259871307407767
257710600929799
257748114425212
257763640946778
257830481019409
257894397592880
257895474339878
257905711055917
426170200754399
258015690883448
258039530963043
258044581035463
258123707544408
258125017543284
258187347525501
258221070995694
258224517603336
258232710934732
258308074190990
258339020858494
258350300764
258367887543753
258377010868466
258396474360691
258436164303487
258465054186962
258501050959998
258522747665264
258535874219584
258543914247750
258559654280708
258585477574312
257132807672400
257154357767646
257170777692726
257207807710881
257240204316389
257270574312626
257294097769775
257301260966043
257325241117573
257335104283221
257343441018179
257346714304866
257369607623407
257405287696544
257431134418900
257444284465624
257454184417110
257464191038868
257486107748585
257504801101560
257574744395928
257581127604985
257682090975279
256532014438439
256546177704158
256594537752784
256615527720203
256620174407662
256708461171063
256715474452143
256757407854858
256766794402255
256788717770444
539733302728453
256824314480502
256854137730847
256870114392952
256891847728071
256908441027568
256919821139233
256956931122450
257010124338784
257010357008
256092574543374
256093194492163
256104887887972
256114294425452
256128297905876
256146594492275
256206534487215
256237771106562
256239247830698
256248377895536
256259661072981
256305267838320
256349354449755
256379841066803
256387581069424
256411821206841
258678860841400
258710380842974
258717447494964
258718830853827
258769960951297
258780554213318
258883470918263
256028651096291
262573727093618
262575643798540
262595893843480
262698573835711
201443126714239
262702987086078
262722827222024
262724297198550
262761230533910
262762593765048
262822047129078
262824377108715
262879627216560
263002860414256
263011357175587
263030410559556
263075173716241
263106877168143
263117350563199
263123093843898
263142253857341
263147567202994
263166567169953
263254653823085
263257297058363
263352183795149
263352667044485
263382667079429
263413573745866
260240760746369
260283447461772
260300487357782
260369130708171
260394477475105
260407354018193
260496997393422
260558643954387
260677803985992
260680030790908
260701610730565
260710527466100
260752070663226
260767000664426
260853043946112
260884880613859
260945137449831
261416127244839
261430817376132
261504794027778
261516330664443
261559990679957
261605540546131
261634177315998
261644367353537
261707270659321
261707814022539
261710187348061
261724077313031
261811333909542
261825007306443
261829354001481
261859067209982
261895920615576
261919717155182
261958313817648
262044723975221
262073817187647
262083913803416
262192213858756
262201247290158
262230867176426
262236113912599
262238153883647
262267720542800
262268020473230
262272610593541
262293873883503
262416797172302
262422643813162
262431677261613
262432073823352
262447993871730
262484960591460
262496960440416
262528297226683
260978793927182
260995147324541
261022683913913
261040320686452
261061810594148
261124500697798
261152110731655
261231392083
261232403909520
261303467240440
261324840607001
259921447521328
259967047480179
194323770610996
774979709202808
260049544084082
260070874023430
260106454042217
260132124013667
232245470257119
232344670275877
232344720146669
232447656964220
232452360158793
232453166950200
232499976939205
232515646833773
232567890202425
232572513442539
232619626753672
232632843565135
232680670221151
232715443584693
232808530209724
232822426733156
230639590333786
230641773769575
230646637112643
230714440451613
230724750363189
230745953603708
230787073602808
230793573629298
230809370263298
472301659505797
230812150337797
230835533631794
230847086960279
230867876971268
230932683697135
196210800402171
231041360239231
231383753571636
231414296874484
231463960331400
231494446882583
231653853548781
231680093553174
231699426984369
231735460364401
231781396903558
231795913560456
231825706885246
231836806826914
231061423572284
231075773686724
231089266933911
231100103577289
231130316913301
231130493657548
231130833611540
231136067064886
231151793676433
231163813561430
231192320251483
231200796959405
231201173732424
231222443702958
231255083555083
231284310342956
231930836876196
231931766923965
231942966979382
231958543485905
231986763639262
232040173530885
232072710145136
232082670167376
232105226854802
232147970267626
232184110199154
230276960362600
230294300342803
230299580490501
230324123645167
230385897019118
230465657107523
230476830425451
230492160420825
234035956619171
234038796750947
234101700016233
234127499961352
234144239951116
234178609967474
234205373306477
234221953298007
234372813433828
234376629917845
234416126744430
234427823291919
234472746593761
234488156698956
234507850052595
234536453298359
234544266626939
234579260020083
234588490017640
234605716586326
234608843310136
234620443269001
234646846580566
234659943219530
234664856556522
234986963296652
235013119888852
235026293217930
235058753324612
235097006539071
235121203224046
235126386641767
235145083314878
235200386566289
235219973161874
235240339838413
235291270007250
235394626651883
235402303277475
235433873138595
235470969995313
235482059843620
235501799816277
235510943181086
235520009954299
235533576522385
235539983256362
235552683297494
545908405449517
233054076818892
233057110074985
233068890194374
233069770111493
233114310219047
233119726730793
233127273368771
233165226860815
233167600141822
233183036887902
233204323422386
233278800183791
233318730064909
233389343342016
233394016676808
233405203532593
233424096827103
233540193367760
233544590048213
233546623487838
233554980184241
233556153459944
233565080095131
233575489995621
233609173469014
233636663397224
233661133478437
233662370155298
233668119989799
233704013486375
233706950162181
233852583303944
233891103392581
233898946641160
233908003476832
233943916802717
233974053459666
234697316589369
234706310022792
234710406544995
234725893293977
234741763319806
234839799913730
234855116676006
234860233234958
234866490045363
234870313333000
234884079995513
234900816570995
234907486711154
232858493397910
232874640247269
232895762700
232900476753193
232906813516547
232957230237756
232988980172131
233020716716864
233591176658982
237830989759787
237865633064279
237881692902788
237895506294586
237901489553770
237920613037806
237931766331052
237954709712744
237969819686113
359310114185666
238072966360959
238075182896807
238141149539150
238243439682107
238328896187921
238343722885652
238344496176719
238363176231330
238423712872985
238441739621209
235856379923837
235891376600604
235941803095638
235984879776308
236000186486030
236015813128519
236131466533831
236154976423931
236165919874316
236169139847522
236173166561651
236174026409647
