287070831381557
287182668111731
287237111321220
287390528103395
287439654655405
287495361292374
287508651305441
287557904716940
288590324524835
288595517983558
288606667886788
288670501158954
288818474574544
288818974477026
288840834532724
288946107835847
288978121252475
178309022245550
289066811137610
290447251108641
290482231062808
290538147668320
290622674329054
290637941110570
290657997624053
290753344332275
290777641081615
290814139396
290888264353067
290919630923982
294605067379718
294609977400460
294653310660685
294654483935786
294746623900596
294752973901664
294816983867871
294867857362887
294904537205590
294946603982940
294981570654501
294988823851973
295032450578874
295102840657235
295111933839847
295127440592205
295130693913076
295157223944852
295382777162099
295391387144831
295397793809661
295618840469381
295628493796671
295642247148358
295692107225648
295757147164894
295810043806374
295827770472602
295833837236858
295958393906243
589232104482397
296078660431288
296093980407297
296279707152959
296321207173782
296383503734568
296440173826810
296458400551640
296548037109921
296649593699300
296685137131853
296782080460394
296787740466766
296838807025967
296882567071143
296900637079777
296935033794676
297014043774120
297043003679250
297070893759762
297088366968477
297102393644927
297154453773230
297185707128752
297188963635950
297300390282941
297333700440811
297358140382095
297367103757832
297386227105365
297403317109051
297412900390863
297416697027377
297567450370231
297608326962739
297611697032520
297621790359083
297640873707000
297652700408446
297695043675274
292737647417926
292740337548857
292747954131021
292776150829676
292927987394273
292932420750448
293005057514715
293049800824115
293072707476846
293087290754818
293148304054551
293297844015495
293325664130847
293407647365268
293499634012374
293533220743551
293543353990838
293578524158335
293584037471720
293643507424049
293728320725461
293791417469400
293792917298041
293821777305181
293892043964767
293922164057234
293929227413047
293991840702226
294022407392924
291938784159577
291940554303719
291948324196556
291958561003082
291983454177421
292016550912798
292061857602533
292086247480652
292115070965398
292122917480576
292125620842986
190434574452020
292150420901742
292207224126070
447605242038085
292374717603795
292456297537284
292469910817554
292482734118157
292522020785858
292541190910248
292556844175020
292567810840920
292597444129898
294134580735183
294162033976097
294297680680698
294358310633478
294363550686684
294405123937951
686099284740221
340793339304084
386896717987196
121328644549473
214971028522835
245982252118474
405076336188604
314484798588993
294832540595056
120608158035511
195463200479001
269041723210669
233768226787452
677885098907421
380727545373953
669916619698834
245274885551264
545095438936085
299205980253665
433946256688120
761142257246528
229663530514245
798286453532428
559075380823105
341190962598183
282746528410339
1440868879458529
388101904623187
342911135802363
194885890552983
473026422803214
108749582603617
1427994184083051
150350814981159
197648310285504
114731278546105
113602016458
144208532379019
204709502937403
268144893251048
253752649551
546429745390302
614707128593585
329816040531589
1507435236136762
547748675262580
560896480622495
454402708021304
124712320879600
376626425825584
382011521933018
368346909968453
412507558813814
247027598665660
135561689837467
341966839175886
298570406865146
575554205824407
153340228058110
408421665954007
273502632719945
510325855700998
1514860455395191
207955745940179
544649585591764
101570953325953
366848406693122
139325469467775
206709752775722
155268447962826
192320890804614
128137774063565
197773523658919
118928558226175
153497518158981
167943886675692
334640816667098
146106345538259
495029413953584
155543411298607
946326998730510
252140618283537
344865182202263
406352626135419
376850492388852
156082224488171
585852228131228
127070134093720
181813668528464
299165676902967
126492917506117
444348242278669
253480688015207
1427333614159802
159832047404240
149597255136020
197763546915386
407155405974577
157102917817678
228571250492269
114512365384039
452225618160874
402553216502447
399948136788098
1475440269341667
520143891367716
564032743612215
240669859283253
136219429920824
221301444705413
290806431020627
405355539497270
651014528259401
336705443177328
503162323050440
514463338589634
508326179258325
120321204689482
202093999936015
223053207725568
161658543240
315552255153438
227994037214063
170110186428823
608137765902253
292456377432606
153265714880854
678349888855917
501218469914173
333734780066667
247966645336694
232302430158258
475199899254642
536126846472503
497548600283295
587115441305559
476231512457106
193852764110644
273295536123668
189128424585210
470394299711836
215238272012252
298778176940474
217190377030
496999137016654
152011048327338
211635718971682
120411298063956
125929140899369
245741225452164
274327682635943
242978799088550
357095174336970
255126808001505
1428942517318273
1480475545501263
150060531709365
504708369616716
233283603354798
568536146536053
341469872567776
265603210187539
603204973024905
1434437320129796
569583943078983
1471336166443280
721047964603206
160805754051751
131123246987580
257278294449758
112170785464919
1426709294276601
1446540265601815
1419827354902954
155254938016306
349445591851482
431404876945221
471688199546377
663264543726629
153673667443
346010138773296
208693972481272
430107727108834
444644708960198
190883244786
1449838948619116
454969097896527
1461912594045554
1428114067401882
787161154684644
396250910436768
715655248475368
169599379717042
418054714917887
619940968034888
362894887134324
230258757031881
191316174347160
191460194321917
483148758411490
471896986199103
347229298732485
125272844219784
139626906160755
471325779636359
340118816101204
499870033426273
555019487911908
586250221399313
234599936655109
510193269076764
373932649364000
191188501002827
129561027097122
559312477496176
117226605037287
121157074563043
310093119099830
142158482494462
569849319703675
482772885144353
299808553435657
528989270469451
605614652859229
669593113053783
210437799042160
618520354928391
214424068612781
189033391115183
110571629016148
636929313051699
474505382612685
339231852895366
174581552586883
193935337304096
147139802019413
655732657830888
1470507976526761
660630047341710
1383579555193089
445116812192106
684816681545324
195631053809369
374614285994060
381534055258096
121880227968677
242086679209419
331172653694428
242970180784
775236012528631
112480515551239
418897771498482
487831204582063
405827629496661
112473708926652
164191810449429
514802005256359
137307546455840
416478075132812
197620757095457
415475171889802
156195427911905
500444073315994
526919604029258
125399511197
149047315155220
666517886710808
413807248656823
136505423083960
304377713036063
510804135609239
185881708114606
190785011082476
279749775452263
207264859425222
371199816314049
192872417390689
198938090146841
243158722419399
464682066886390
376712345709730
512970012061976
1484268395145854
441787722512195
357820224241208
530985567012028
642726419126015
282217188584994
171686962879760
374058542729421
145728942156845
522943587731137
1456091691284151
181878188659422
234233530031659
247777848675868
187299981406909
611807968837743
154404834749170
180315872110310
404088819655288
308737525853348
207311662612969
169082953252692
262152817151556
191004430992405
519132408153462
158207624349271
696170843747334
636497609712145
104581076292538
760289393981138
688322834564735
1376011505979636
464805566955741
712697435478379
680630761964904
182808581913980
185437904993242
116889148344887
784018578290361
1398658730410503
683010971779089
190245110679
1504528849820143
121193311287816
287273764769042
472776689505796
386583101427102
472097786134495
180154665356821
252427598191950
180312608692976
343318565731637
397663050306106
380209648690357
263237180448179
201115254111
488112964538473
441070152643930
168488776575447
173794952804838
335057433247267
165491173647772
275093092541222
353289104762419
774670995882876
262422323865881
265143103589098
200531593300854
479390908740848
120282151429137
578922362131838
119008501509881
333846766654131
118779101548293
217810741608210
123588924319579
115337725216206
225812974136745
301393669895629
1494857910770454
883345831685336
258449924312773
554077641302456
433875406740816
120706291330768
278339632236912
349935288477876
561092213956775
441235252644365
379980472144896
523039957719271
169379319870763
740275089316832
532805896767390
193188957420413
379485208845093
269022749866132
129150983852520
558212990899721
193552594013648
370171976459843
481906178524922
167355166662264
813854311981527
328938860546934
630179277001028
300014840147949
193867773970623
153258761465220
333723856720079
572839706076582
691373527614302
357706177708416
440511152711899
411586535585918
409318362579825
146487038747085
135313049823635
373885492740266
120459608035521
405574712875743
139342932754660
1400373776899356
274591982563006
114707205266484
499179833474986
107472639276875
297683293666360
1401587563418386
1431662547060257
384872031523709
200503497479
503904356322941
351954204919697
462120480528946
206117582866178
470049456419123
186281661411333
207224269437119
132506963547816
283551425093422
468031143226863
146493225524620
128066404052757
259779107444507
515071468574627
372603576210938
10150135252920437
139695516212058
149308388602850
440611882643731
207512582605936
211237759040217
616223551732646
1410981482449129
1412906075599736
181089495357776
414996348610010
180736367708
115266861849002
114366368592756
103540966424938
432991270165751
642405425788665
180730942105339
232576323576818
1416628545240019
711482172196622
538882306140895
247295761965582
292675164093853
123227387883128
222455037872435
447435211976937
332300456780467
513447725385346
189218157785687
155774767831295
428216880618779
315783248515973
180074362133548
335191863276112
785497431487940
391266010979363
1441955096037532
349047888566401
770581216287896
218648954939495
244907395708773
1375331212687394
592298800788280
102378186577366
1453832188166951
405338792898451
578676218839743
479883902127338
158143601031348
113192455519670
429961113765611
601795663183375
166339680082645
132374250165978
336349423141925
122185757969674
298638760264772
348159738647190
1397405553807551
877909552242948
266874613517416
133748610099621
484070481634541
1383481001868872
207046076126753
110659602359205
1429883363902043
242350949226815
523386651062332
186260071504259
159508157566492
212062345522551
310522749105147
192154960955822
114963841890330
148808141960676
331314096937347
241465409275646
1406872422886131
209459602423728
154081928122408
1511775532399933
236218616421314
394791990660531
183225418413098
261656300605376
191333950914024
494917787317215
406796079333178
538981092782696
115930788493536
193874210811433
1413077348947118
176563665855774
637157919698263
598478943550852
1507557472801371
355769567921487
316093021897532
287610111439321
117378161767
221908011295014
679422365438024
661627517236881
481262498600145
197839203701455
480171878674092
108758379161583
216649708532319
259692277529301
691184764267949
410232415752037
194109817316300
110219082330314
210913469578
207907933346
111809652184320
109154719129504
135219506512091
262458502020
102316749827162
109509319094181
109327345774256
219063168274915
147681605248763
267932442298
448176315281241
523903620973001
214737578660343
187430124792700
264837080331145
117394731618775
199398186878163
146451755369062
294167344063683
184119911611537
691762894170415
692614054117198
638039246279395
383208235145214
178617612177342
808229802536698
152333478224204
1377380439182179
403247646492416
1488083708135183
164027600291946
199223890232902
301446253238178
1404301789843527
176108969128610
147509012102473
223611751144767
249080706700
128555477318063
402529286533000
312913125392718
338085126289095
122613044497954
127099340793865
182626238561794
393066040767289
491693724236414
1416253358615820
424268590950441
615789841864334
706805362702271
216381098449922
156640334479516
1529831647238540
298053510343966
206716482755401
245696617278
396471717084880
206264868388
326435567389489
487511151369564
251314485143
122545941287314
190896230946598
216071991787030
196184560575357
168131431570
495923483757928
120930877982193
477776385633246
176049022430780
153981648038698
178590172187113
188607521176440
201431333360714
251475798327762
147576115430006
228006657360804
251479158362704
799688750092112
1540409872842367
150089625046348
727630900609854
642302642462574
529175337144599
319304324800268
540964239295757
212143235616237
227321090667913
191620234205393
559346150771262
312805222146610
141475805904006
397014547122604
294812620579164
454968497850681
583781908377082
570612249649409
146450208883131
1446264925646067
369473149784728
159487780784702
438191226271559
324602587744644
224015127744140
449995545025678
191297774214683
419601418196308
277157565812787
1405149169747270
109494575761807
211915195549432
520918567986759
485613038159571
183775735146744
148445841949316
1430227597198218
192061060919360
520497534649615
257732027697217
184630008236272
631871346882945
523913021075746
200974036680496
700633103324413
180397438768818
318101824952350
322214647923586
607344342684514
374501466052545
449611381796866
173744499371051
332564040237773
157323401107614
1399125587007976
251872728214734
217788931604619
310467085734107
349444535100581
173623906039602
484624791604162
1409863092569270
194743720538257
106379986119999
217780715018498
192817367411473
116281065148150
382708528475666
300242516804778
219622614864120
266675893389872
182305588485092
534243159986226
131077110295878
178776538922951
726019207424333
112245768867430
505646269536044
129141030614566
809239792420498
590321077670831
397917090345006
794312767268019
1457797801124496
1416873685198799
493210444092693
364500480354579
349227251887429
219578234891535
141222385898086
588027977972000
184453828409606
207446669350245
718926071478173
340865346091085
112223545480819
160005924201148
506976452742855
756597377724797
232511310166877
142972255826313
193761304096161
471443206271098
151553344061
1486225958276494
638670346221785
1533379386949782
605703149541572
419617668205174
159599857385673
136438849757106
671110529645601
567328596683679
186698831507761
146090138890710
302033779857498
404418912979531
200085680118245
417034864975212
1475007209393039
529460240432726
221090144655594
129799170381165
468154089880949
252199494926622
112768735480045
203320593128734
80342719914
369406986505053
111306408957285
668083909912320
161364464029882
489095057827894
121999124484727
448636058504787
613727425367393
242763905803385
172700799585215
265560860243619
104696639571688
465599453535145
601676926550799
442072875888674
1003999816280204
593822117314926
216493891784841
555147987879174
747258721967463
1397273260486726
377371605676394
489998241137442
312908385461768
597460886932187
166654186857372
136085553147018
472822512811696
124539837567118
598882210133281
195465507267102
1439121356315519
465025403628445
215780781770588
1487660314787034
113932258684689
133913993389430
181430648626968
567988056630817
132569536461
253868084684548
120796827931152
146185122125815
126598537405835
239244236216675
301278706599597
129876517078993
708045469274416
324799981022718
172694612768396
305509712800390
109336225764167
437106319680859
91790892736
573400899358688
169491299737965
124731680890788
1436971376522755
317255368302597
585221448234730
217690888390415
474800432609444
211134535746602
184531444923021
226931110671838
752424674809951
843188555711207
652670794762023
182080718499275
132685156802402
178483118998366
197654100275402
113726832169647
855824957794722
730093063676787
244888078854543
453590894745282
111651138849681
481885881850683
196902330342133
268515989930539
137479516408077
1418919805026987
323115647778711
243810039107596
589046797780358
685027271558410
