147816091970855
278685448974045
590947724289760
352757471473771
446532832087771
267675283261325
260099640775347
178770668809436
1411336409081823
336376779746116
234071096751413
215154125357889
590118451099525
679052265447326
256612604427204
545217705546963
364073580302158
1565867616977321
273207249450333
222573367847387
900397996653180
900923583258526
403176463072485
901414406557994
901731136509814
904735539543931
905329342816101
133210550209306
428727757146133
159638660911818
910864338940537
910870585595397
91093257337
911214285560802
121086537938426
189811991052559
914488221915578
916614005025218
918311244863094
91885594457
1441936222719009
459942807417704
449620795171025
131343820267345
922313284450366
923064597709009
928486793832960
929490630411014
145424518967501
929663047061285
760960040584826
932253526791462
932338970128483
932763990083647
933299070029416
933545906669272
934422743254459
934735686552119
935579396456225
937259569623235
198948133647808
944127862269595
944812515548744
947015425312678
947088621987534
435068786522661
515975601759463
950361834992093
336756656381285
149089358618916
962067723809986
969569546403543
293487354174699
232761533514645
1437465126538359
972036959489960
977344258945873
980484871968747
980604751965314
986951621331662
988671501148288
988805301148893
1409492985950623
1536442626639137
520787281290085
990034191011340
990885787604156
1407430332869322
118810431645632
562761700489205
1410039589251210
690979834247544
334532896693850
503939726335053
329690583769212
527296857282816
380491215351449
268241549940389
669239036466741
408588502596782
545116852179586
592182330821986
537483789643215
141719229221429
544828125566821
803818922967033
365759943550952
1387675898152595
1392323280985374
431287107010331
266133210103805
641724392563299
390091001068507
374166462687645
157886061057911
1374884849432560
409045275808945
476950809069523
389622574390669
193529950722706
627261664025579
347862862008042
640113229333190
205251749544140
307027162780176
272524079528328
362340697155824
288517481242565
235550306575074
806954712708733
196388957047174
260596377293065
583805851644550
190050761178444
574001285974446
117370994968213
229941537170232
508750595867007
679050278773107
164115713746786
486077478174866
659862837417580
1400410813556989
246721722201172
672741629419164
483770948303063
296273017086647
147556368759658
210096299174616
160855654065266
189844927710137
561491567237091
125689080826262
1457989644458243
230526190449739
1440211322886310
662570903823466
154404308101900
889225877758331
682677518454209
1406403492921813
616760658389011
1400276546912854
223185584390088
231092320408205
509014775857761
599222233505450
523933944291490
277792022340840
1466954533523699
214741078723331
402011509918157
491522944260516
146267852103889
420591254741485
635841103118474
572638832771524
215964245158262
945112675505830
390769470976129
185722586010
311577775574598
443506645749222
605505636180913
661745430517929
634152719971934
1424596341156426
589637971064929
445229978951566
558489880892739
1424303571160035
556529271127787
1436120616616398
1518956768338462
213999265412055
147153578794715
242767225878540
504601882951897
324158154376242
164833483680759
318157471654400
162439173953566
244184719090423
454137891324997
191530860880228
518740618188237
589519621097448
155900277822987
204552386246704
283407148497682
172513312951723
355649257911972
693069624057344
156926921130881
322264624611592
304933029617118
195463407142519
1413091058940127
458081584205482
1489762574569997
118349021580408
124434351084253
499271746788380
304199036392486
164747510244503
400516403364205
448174721987800
426037307481673
173103136067623
153802491385448
879870392042713
703994442955590
359831694139792
543308219039909
182576488522314
251286078248965
825123350840201
674319505979967
250825125055893
422681107840249
570692302986344
552102921492904
217690038404876
623620461015397
653738644650963
1421296961426331
367295819960926
749234045092768
429970083767832
134438296755497
227279774109973
119306318087568
718259741596209
240611289420785
233696979985682
196214913765615
1411121542449426
191441644227485
424247917702908
417655664933021
177057329003916
180093185525063
1407953209418700
371436019563240
281189938560131
598601993523360
525239534211909
451361868308359
226400577450324
229435513847361
294185170730401
351636714908350
144960425606659
333544975236
590953504266965
105342366207446
292762307515202
574168555985419
105001652892929
231820340173091
217292355066312
114229232085122
618112898226930
198856206929598
440857099343502
472837606102992
533015766724589
430043420469140
1440915462794579
1574100792815522
538910026201029
224307131096166
652603681436138
568473843186344
430703070366639
746136935447563
160701727457706
226115634110771
641816405885072
637264022973771
286944638148066
633479763374834
188753871294319
431220993649318
233980740142124
1475390879350831
1476601935891957
309489652424388
279394528756311
1453358248230109
149167161922334
312048238858126
1384157755142527
240912382721828
190372134345528
190786707706494
242782949079625
501676406627564
225141827683978
514322195331989
177905245668590
816869941666834
817421941621031
817741658249989
817949601577841
818362901510472
818414724856571
818689404832067
819641654715163
819723144723279
511350835564170
820360861313168
820946267927597
821467567892773
821868121198798
142129965944787
822086057817628
265715483613199
824014250949299
424912750978568
825206067511441
825215247506582
825447550802893
825515494131650
826024194087977
826107837419406
826530000709479
827057153985948
827441307284567
827602487305176
829114463796452
829246287090655
829468777067609
830105370351087
830814156937227
830930276930145
831007203576098
832713983445293
833639249998636
833812663315203
833844213323013
835171439841647
835541989803220
836540746376029
836906482987164
837029859643698
837389696299706
838615356169539
839560339403082
268742686617515
840264649326457
840313282647209
840424076020089
841198269241099
842102992482047
842238805790277
842806645733946
843119589078322
843283649023127
843308462353295
843396062356035
844081948944096
844528592242161
845622282145244
845965975419887
846317718735094
846947571990740
849786918366146
348674028492461
205338022984739
852907351387309
852952431387411
853226604727924
855124777861030
855132997860262
855410437809973
855446574475049
855859251106446
856955740986132
328941787243731
858076694204298
440519202637446
858724297475982
308442932588632
107790349277266
363617631838
598434620252441
395818547148142
1410230419213941
522907491063598
262674033780969
142979282452089
149814678520363
795710153790160
634312226628323
488781784561812
160092767489494
139841796200229
390119644386783
487871464633126
304699049634413
447137522000789
155190034512270
163683340344889
861061787237795
861069847238254
861120603915169
861678047177575
862851057065301
863853357011664
864132920298073
865666030124749
866314643398440
868568189822083
869696793051358
147753419266
784730418249504
437789256257482
561337057224638
870508776299937
871790806179506
871879686156559
871998816147457
872321949469453
872731606071253
874462912566045
877948355578438
204132586326595
879268825433085
418090338269298
880133198665812
880741351939996
881124085250344
881757235171963
882396391776661
883588301656615
884637901570134
885004574847985
885998388077003
364707683599696
1418394065082106
549991445039138
403732623025351
519447364758765
220772748070527
229228503919466
