110663122353209
110682292392391
110702125634330
110766579088861
110821925628653
110839505778349
110872368948219
110912622329672
110914302334224
110456339125753
110462572367907
110479155699360
110504845634135
110594645692302
110943855667602
111831668905915
111842528891313
111876835555268
111897832339448
111899958971777
225232540910178
111916928980547
111922385564412
111950282195867
111302218891281
111321978951558
111325635611130
111338338945708
111367365594322
111415805594767
111434978934061
111459088916646
111462975707162
111484282279523
111490432288643
111504968930901
111660172314910
111662208913114
111670485590252
111696385585447
111698475575433
111702908912851
111553559047545
111555362235577
111568332253972
111625938929555
111633338929062
111640095576106
111649712260203
110958572321035
111001772403760
111038085583526
111057105699707
111081649053697
193591267374830
111184432340853
111184585723032
148045619610
128791013861184
111220778966192
111264628956051
111272305633073
112233358855258
112233642166401
112308672179967
112330225515133
112359468841245
112363002207930
112425735506474
112449428838398
112497148914427
111973052214396
111978938825799
111979792296767
429805273760775
112040728872802
112143958830274
112157435531942
112178002197618
112086068916584
112124572220589
112125355610649
112125712239266
112127185534224
112127455530420
112520978789570
112143618956150
113084935449615
113088528771718
113137425436997
113146962118494
113166815427944
113208712103548
113218962097275
113220848755185
113347942130363
112842795462918
112856895449525
112877912154310
112922908783712
112931768785639
112956928803218
112963215460634
113003568753852
113004538796480
113018108810084
112669918813054
112742292134562
112767092130877
112779965561824
112796862094879
112581325496117
112595742247097
112628065488587
112637202152355
112641485512538
113421658736257
113428475401844
113454055518430
113466118733488
113470428749531
113481395396341
113490415395103
113529862058235
113549742052669
113552752024882
113553428727387
113555485402684
113026745440968
113028145440757
113037672059505
113021002161267
112813812213474
112814545450561
113560582185772
113562022059255
113576168808936
113578995396996
113579408820809
113595742048122
113604215361342
113614328813964
113615622046013
113617082061251
113629815396140
113664468705312
113694285365955
113698415416315
113710928821010
113738758713443
113740528646779
113741785384628
113765495369770
113780458705298
113789718828789
113828855471782
113866168799211
113866695336224
114685611949205
114705968620132
114724818602524
114763635275634
114769395270009
114770748599973
114783502019574
114787025278586
114790231967961
114791168709792
114832818592981
114837525296659
114839531959118
114863971921513
114882968651533
114889248620289
114905075279630
114935208613371
114121318669980
114158908661179
114219245325051
114226345263598
114245092000435
114267058647699
114279241982322
114329568657026
114352455336073
113905388686777
113949971948863
113965012124776
113978655345435
113990848762958
114016942026156
114046912085189
114057805471283
114078608667303
114091228742938
114100025333660
114401001967993
114458392052135
114473412018596
114499432008175
114508761957800
114578308620920
114618718600105
114624051995464
114646771981484
114656238553342
114659102058080
114666481940979
115758518505538
115758878441642
115792361840372
115867765160723
115894931919916
115927995180042
115929898427956
115996605164691
116003028456941
116006658447405
116018078451129
116030851832185
116298351778670
116336938446418
116388038454489
116395285090606
116412435114241
116431471722776
116471695098554
116511745053810
116514071756059
116525925142620
116529811722337
116532731734972
116569688428378
116569745139599
116634688438237
116657528419590
116888648426235
116985308458007
117009025158583
117033068386697
117082328482717
117119808362378
117162271807179
117178591703306
117209645025364
117233415024368
117235074983213
117240178353306
115180241926709
115280561928420
115300408561170
115323165298765
115354021873878
115404958543327
115425331883957
115429585199705
115496005200563
114962141906660
114963448578480
114966745247716
114974251993453
114999855318784
115035655250084
115044678666247
115054618577022
115075591976924
115083235266957
115115421868050
115165255230639
116107148463493
116124608490525
116136051797136
116136631907031
116203128579427
116232231792175
116264155203887
116268018453841
115529995193658
115540508461449
115555211859005
115603775181322
115606828513836
115612211854792
115685765212979
115706288524093
115710688484309
115722881862984
182873035235241
116701468415978
116728305117302
116728998486493
116733225072279
116748535156674
116757145201889
116768225179412
116820481818500
116844358403946
116050701851286
117463968335223
117514431662887
117515538439762
117535988334604
117556215035871
117561018381043
117596018326527
117626918311900
117628664980307
117636478432302
118146414956395
118219281556077
118323471581957
118348301576280
118352374897105
118380675004652
118390724911085
117838951626946
117859518291854
117871178290552
117890471667915
117911221615214
117929325075808
117963158352250
117992481672158
117999051630913
118006431607384
118025391635842
118032968292306
118424858318958
118452871624751
118454841575550
118523014999309
118525028281276
118575574869642
118585334956058
118586531552471
118603368324264
118608931552787
118617884882210
118621714893092
118622001628149
118651394877674
118669314892391
118736148213343
118739821650761
117264168358174
117272758359765
117286791798947
117325915022416
117338781673723
117364201795114
117369028334037
117424035115953
117451934996916
117782594948237
119435761467068
119473981483372
119484691476200
119495991465428
119519174858539
119547161527728
119549268128583
119566801535922
119579018117851
119609258114941
119635938110577
119637078075080
119666411466537
119714348205981
119744141561752
119749551438382
119762028065580
119777828059826
119806014856287
119814448208704
119842844757271
119882998180337
119992534749857
112487735595309
328990153863281
236169359905431
119087131454068
119106498166605
119129171520832
119129291610299
119138934835433
119196618144512
119246994820610
119283891490219
119297924921192
119373978164662
118771984896850
118776731549578
118803064958440
118832994911281
118834138222830
118838304992212
118843304836012
286331871478316
118919088197223
118959974845959
118964008188779
118968068211278
118979201520330
119004584953039
119072291461624
119081964836899
119407978229643
119422288132977
120046971407490
120081738078283
120095864721476
120141551448614
120166261392462
120237061415700
120239844784973
120252418055451
120280438078842
120325054809066
120361731382062
120378321389956
120385551395013
120448094710102
120499621325587
247882555365252
120517094665470
120691801354125
120707184658154
120715704751631
120736007958491
120736598002960
120736838115406
120788108034256
120804538003187
120551478148466
120567258020794
120568971357182
120603078113257
120648604677384
121178414622418
121179314743488
121185634624094
121190887952055
121224414653746
121244061368347
121266171332424
121271958075897
121279494563650
121282127949236
121290284610184
121290951275694
121295821277688
121297088045102
121303011274886
121306281284532
120913888014420
120951354740884
120973031308278
120973914740666
120977151321653
120979658023560
120993381305251
120999091431890
121012184637268
121022487970725
121328584660529
121329674744697
121349501232425
121353817938109
121355924602442
121369711268607
121377624601968
121385081275867
121425807932926
121438451369721
121659041271899
121678347864500
121702471351155
121820961252442
121452671261281
121461271259311
121467124569699
121478248046825
121482001242940
121506961274405
121510911265642
121552424585373
121571867919888
121610647908037
121101574629034
121115267960319
121116771324650
121118437962115
121134667960150
121136617957704
121154284624051
122517364509367
122522934495750
122548311166423
122561341250234
122628347775053
122686987832185
122699707808977
122759677799274
122303877884517
122337014535560
122348704475757
122351241236394
122383417783519
122432537929663
122457997795878
121851681187073
121891237897007
121895857980271
121943687885129
121962137890170
121981614638867
1443688755852246
201562146521629
122061471207047
122072754632929
122108041157169
122114204529575
122139141201803
122149054526503
122507964522879
123575461181139
123592347799225
123685401028686
123695497705117
123704311057520
123734891013095
123756614450795
123788371041036
123791487733077
123873024378036
123888407688571
123906531051310
123967921012393
123981054296874
123989697771017
114818645254529
1503982993147281
226893040688237
601303506582170
433311656714998
518333154939216
168486899865776
124005514451838
124038097805166
124058924377629
124076967749901
124084731027924
124104491018035
124118604450993
123127491105656
123137664515322
123160794456534
123194681160819
123249757716480
123256781111287
123282334509153
123325391162886
122892924392251
122937641141929
122946141231644
122973811145346
222330534628658
123002587890780
123073787820902
123392294482517
123393887735334
123466017796403
122796367923217
122809104442576
123385277760965
124137430971021
124145047605601
124152407655329
124158094335442
124181187652671
124257347645069
124309714305489
124370094298430
124375840988800
124389537723523
124394497635675
124397800970754
124404340980933
124419370959591
124452587631744
124459567623684
125287317539596
125331237551658
125347347535366
125384944220748
125436230891494
125438204197611
125489270879274
125500680878184
125517970885824
125572737511392
125573774178100
125593787575432
125610470851396
125653530881399
124729177607552
124739177693583
124748634289865
124781173861
124786927549312
124787124322506
124862307639857
124874254248191
124877131016175
124877184281405
124935800922762
124950010907002
124965737681387
124972944257454
124469807184
124486310988370
124522067612850
124550227629330
124584974282557
124614184407113
124617047625293
124623781058364
124631137613388
124637957640747
124638181051437
124667197632155
124675357606513
124679310944224
124996517577410
125015487647727
125039530898564
125039719010
125048977564283
125056127561635
125081387562558
125085174172476
125107971024847
125112750873436
125117714275053
125155970942284
125156380887181
125162067581169
125164664299347
125188204262164
125203930915259
125259780842624
125260480907596
124989867569523
125919700835211
125924230829798
125932507599264
125935674157080
125951520824780
125954277467797
125957354145207
749689615057447
126024167583138
126058507533423
126066290910602
126105237532085
126156567554580
126219170822379
126231294241104
126243437485150
126621084113764
126632874096714
126658510838002
126697247402519
126713530674208
126713627499332
126745637410804
126769834062783
126771924074287
126854604067191
126895640721728
126903270714741
127225804032521
127230830793672
127246497421534
127337063974433
127342156516
127381854131471
127423800664657
127482457291189
126968210673221
126981957383185
127010850709824
127015460821287
127029147383882
127036864139853
127092347378164
127100850727830
127132037442986
127146110694136
127148377410091
127166694025928
1271921619614348
127197467462943
127201700680280
127207524105575
126376814068899
126392470826180
126397047512999
126412990770475
126441824116906
126443340802164
126481647424333
126510607500740
126542647470677
126550004116193
126566750852005
126576307549392
126594274197850
125676910925164
125698714298790
125699964152923
125736734268236
125820034098783
125835157623100
125868760839381
237962353077987
125909757556874
128800403877988
128836867224694
128843747306515
128855377152091
128884060510687
128897547306184
128969740510822
129004447152178
129012180510118
129051767279706
129073870500173
129075507218696
128152840728981
128155777304197
128163413972388
128179537305172
128179897260315
128195237253425
128203467198377
128261134022163
128292880667160
128309570570285
128347927238526
128347980575372
128357053985528
128413227285264
128417640616734
128425417230588
128446263902827
128466113876302
128489893896891
128522943955635
128592990547394
128594123880291
128613873932760
128679713946567
128727963922124
128737187192477
128774373990723
128786913863617
127797447376082
127826983957238
127831434002934
127851350626214
127851633958749
127852740629403
127921213969684
127943917291120
127962050618600
127988447275422
508023915925713
128014913946474
128042504062372
128055180572027
128078530587053
128097407368214
128099010689201
127542517430617
127585030645970
127639890584382
127675313972347
127794597291904
129094650566543
129126253820862
129127883964384
129146583772197
129153937164478
129166557133853
129172500487799
129223537179218
129241980430089
129250967245266
129625000478010
129643613867393
129689780378354
129694943770525
129695143768386
129707667199491
129717327095900
129723503762202
129733960433647
129751307098518
129806257103473
129895107075978
129917547076415
129975140486501
129981567072515
129995103840765
129323890587150
129327510472525
129343037235985
129352420539968
129366607213420
129393710593446
129397220505088
129398323792946
129450143922452
129473473785483
129490017118925
129509227103322
129511977124471
129516180448930
129517187131200
129526490460533
129535413778297
129551997148449
129559990511156
129590857212601
129600133885763
133603403363620
141780035968492
220910214700453
281941888644104
382780465146489
1441720256081940
130349010364403
130352737157715
130395073693005
130397753696542
130405130310239
130416660366624
130425123691768
130447490363393
130447710360396
130460177067587
130461573791191
130472110366480
130492050357533
130519167028406
130548387017670
130572997012745
130576953718517
130690387107241
130699883774513
130728347004143
130736800351016
130750153657091
130816457005083
130826876985034
130845853653128
130847680328221
130857417086213
130866086956968
130906700316224
130911577071644
130923253721451
130989646981101
727543460635810
131005800402790
131018403606161
131027923632197
131029993751729
131031223600623
131032187068988
131032877080068
131064546962948
131073400383202
130123990396534
130133333718627
130143787159438
130182977051137
130199720386588
130206343681779
130217350513054
130238623715321
130243170381325
130243677140753
130267813706384
130283723769125
383436408427232
130018537147688
130072640421052
130101087070722
130110403753384
130115523722207
130585843698175
130613320341936
130624580472586
130636527084952
130664623666504
130667583770216
132381126842139
132387936942017
132429870130298
132451746795513
132477243488155
132477773494658
132499233485138
132589543476116
132618516819397
132622086812151
132660313470242
132670586842939
132670703589835
132088500291738
132101403611266
132102223525222
132110370191826
132112570193417
132119203505341
132124423557329
132144013622727
132209950199691
132244443563196
132251940181903
132268570274071
132294400171989
132315103506918
132323013537095
131233796945570
131237793611382
131260370277703
131283803617076
131294876886677
131351763738270
131374953605409
131428440257564
131445153692700
131452570260089
131476920255174
131494413658141
178433035575400
131517230224336
131580593596781
131581197032923
136102783186681
131607456982469
131617716953821
131695030211160
131706160281987
131729866896256
131730573539717
131740400350646
131755140273488
131786030185833
131798280166328
131853516893289
131922010287491
131938950210061
572196129544995
266891310023372
618978648200787
132016303535450
132029643563956
132043043575431
131126227076213
131159510398532
131181200353750
131181796943481
131212136971968
131230866973275
132950506779073
132961553528221
132973010226124
132988960180280
133018376868617
133086533434674
133089566780673
133104870139056
133111926807818
133176296749822
133185320052372
133250806760945
133330013413732
133347136734843
133368613435191
133404500025543
133406486750933
133410073405162
132747710079915
132760386823676
132804470150630
132830510145607
