171276399602638
171300319584937
171310272921551
171315882957884
171327219594633
171334436244396
171364806257066
171367679578389
171400506246708
171414373542
171422782880426
171431516207311
171468223006959
171475156396475
172274032804550
172350826180800
172352306253270
172372832807924
172385556108880
172430552929280
172431746228213
172445446191581
172457522823688
172482616263192
172492869471098
172504179459739
172504292930984
172524196243644
172530586123388
172541726168525
172569989454146
172571089557607
172571809447821
172593352890921
171551736254055
171567936234408
171622529565498
171638392891300
171649332881379
171015532948513
171027046251578
171029556293701
171036757639
1710372529188606
171054253064176
171078316414173
172220282822164
172222796223715
173364676089252
173372126021008
173383066196947
173422689373644
173461452676680
173523276180467
173528789330433
173541379356098
173567399372793
173595359382704
173595376020120
173599879400986
173601042837675
173607789507277
173609716015113
172810612867093
172812299459192
172854356153626
172861956093537
172869896164201
172896459472427
172916589562475
172917916213671
172937242799900
172966039423433
173069642736442
173096209401320
173191739497301
173200312849670
173202829397408
173208396098785
173231269552130
173269552722593
172631662798395
172633546260070
172647579449231
172662772753644
172705629584790
172757466103845
172764009434466
172766972933203
172781389438000
173671975993431
173695292677010
173703946145436
173732972767737
173755606131057
173759122683830
173765909401296
172615062886427
172618432762851
173142292733955
172964862851745
174015099311163
174040302660650
174077506022604
174134362757944
174155072656554
174159182605016
173845332664256
173847912650267
173888232787812
173902199410513
173918916081092
173932286119034
173937429318861
173952489479843
174196339302324
174229899433287
174364279380329
174393929398571
174455046055807
174463169309957
173792282775403
173815416071474
174290811419
174306399285901
174309629293413
174335976079461
174353759339354
174178510914
174969629220319
174980305882946
174981969216207
175013055880716
175073145874211
175090589318928
175095055891742
175108309195119
175130209208972
175139215957888
175160290469
175165569302236
175165895965957
175229922511470
175262979220276
174742859256650
174781309280042
174845409386727
174876909248268
174892065890980
174906539360952
174908805898765
174922392592592
175311859184224
175312605963291
175323199161275
175336955873388
175341655879379
175360702514218
175385972504552
175399115992499
175419055851450
175449459273649
175451342651645
175480719219673
174618365932532
174622115914132
174636729254282
174637529385697
174712702739222
174720839246844
174564352746510
174564622727488
174581226058305
174593535921208
175288772572684
176319452438439
176350129077127
176358989178423
176396852449782
176407792422610
176413279184751
176427842390669
176460612372184
176527799062795
176542055872517
176544065737452
175505495883048
175510089157909
175515582498534
175517589313491
175519335827131
175526172495219
175549249308117
175562192639028
175591495820423
175597479187700
175609425813961
175658589140832
175658832479863
175673432473781
175717459106240
175726155832975
175735549151271
175742712530278
175786809126336
175793142473065
175793319165722
175806329280031
175812752461171
175823349135523
175849812481021
175852105879812
175871349121506
175893229239857
175897442468155
176098232560500
176113055764426
176128999225190
176134205761122
176170105757903
176175765839860
176176752490677
176192819098446
176222725747541
176225879209321
176234825804721
176240702573815
176244145751344
176253232417169
176257542420447
1760078394218175
176034835771014
176552895794056
177229575753882
177230749125933
177252075663710
177255225643964
177285162423521
177302358996265
177318405797769
177363079138565
176980915706878
176981105711214
176986222357715
177010955834042
177027022491542
177027992332227
177142762315840
177145472337110
177146592343431
177189965757294
176677719208770
176681762379487
176685012384566
176724549077500
176741729042696
176744685856067
176746535733185
176746775700899
176806395791462
177422339007149
177427878981434
177431595665943
177463412289391
177470345697916
177483418953544
177542068948864
177546175637719
177546929112119
177562235612571
177562485683640
176856485835551
176877345770203
176882045733784
176899649164431
176919859075526
176928583242
176934242478587
176563297368
176601072385793
176620665707199
178193818949277
178200432377311
178224528889689
178239485712384
178271852230649
178286948880994
178297365562668
178309818885045
178328349002128
178328738894980
178332418884600
178350012199988
178351738995604
178353745703360
178364085534546
178409515553448
178418228974973
178430055527443
178471098855867
177688582266403
177688788935795
177694472274763
177709198933516
177717769076168
177737375652849
177744532291650
177757625650436
177760942259438
177769188925656
177770132396317
177788628923455
177814375751933
177834882254004
177837342252411
177838432267250
177852045607558
177870145591554
177922542382052
177924362245516
177926059023919
177956128968549
177963222292328
177994189037263
253659548060752
178012415584990
178017555666089
178046682269887
178110035567365
178119505582374
178128582243821
177609262395436
177634572271627
177667865653259
178173828967582
177917502246061
177918785692806
177590682276525
177600668987143
178745712208215
178787808819049
178810168948561
178813812183571
178824915503470
178835958836966
178844885497241
178856378820214
178884532169329
178943715477841
178960578917909
178996618879489
178997705471322
179002718812478
179513618899585
179552555586542
179594422165092
179613922077361
179623912111903
179633388787542
179656598758369
179663312091468
179712198734394
179723448738456
179737768862767
179749652087071
179267202116807
179283402124215
179319675453854
179327655444895
179337718790897
179354235436502
179358842272012
179424678747325
179425488905486
179476275431153
179026958865818
179044348801905
179054485471164
179076085470189
179104468826499
179107725461039
179114652286547
179120582132093
179175132135779
179206675458636
179226082132711
179230612121298
179234178782679
179245915456688
178502298861702
178517872261062
178520129008068
178558948857317
178563568849590
178598928832519
178647832190607
178702205518742
179786565544776
179802412073142
179829822111800
179858818725493
179901498717004
179913898759245
179936702185724
179963938852622
363108797161209
340171989471958
190403176664
122099067857949
340118109349184
541032265938209
209339142485235
172866772861047
167861986633641
472706332793681
114474778743700
168219866541621
180021865426185
180023028738459
180032072040762
180035002065046
180056882118173
180063358700769
180080712043490
180083115464077
180339655328074
180356218793585
180408945349048
180467588666283
180478208765110
180485592062585
180499355339260
180529688654507
180542301998762
180544815333396
180546452086481
180589568647431
180625141978267
180630238646981
180648645465366
180688612120463
180689518777933
180689718793926
180704828637096
180958928610674
180974981986214
180983041976309
180989621920628
181021751942243
181033102033490
181034408644970
181051528606477
181089751937863
181096488724698
1811278979097639
181157105376363
181166705390335
181243468586374
180136142029659
180158472038108
180164488714328
180189462132174
180201342063949
180271768687124
180753905422295
180767925307603
180811148780306
180812688659183
180813775429998
180866615337558
180927988613863
181272445258937
181275262006310
181509808669557
181517915229003
181530835229376
181548252050626
181555325374788
181587591890486
181642868523176
181679181904565
181688181864366
181706715371408
181730575284595
181750318533343
181779731996658
181800411880222
181808935220378
182120975234078
182136798502398
182138138494964
182166705271800
182178681828240
182179945131454
182185701961442
182194175164521
182202888519332
182207388487694
182227581868241
182260368588613
182278245211442
182283248509047
181279655277487
181314301977473
181316775242656
181326185364373
181332501910996
181348245366850
181350505248199
181358475246416
181366502060765
181378821905500
181394451905007
181398841907749
181411595341367
181415418573173
181452255227969
181455712029953
181457241897248
181471365367003
181508328707305
182339728476688
182340135131908
182362881837431
182403628584642
182426285181819
182433455122345
182439528546966
182488431925993
181862425337825
181866341900220
181877255186675
259887710824498
181906968523836
181932121901413
181945725180355
181952771892596
181955698511954
181970511875626
181976871815571
181992172003776
181992491968130
264110280441338
182005931841496
182017408523124
182023099933
182041108520345
182057291839353
184497571596094
184509895078907
184511531572023
184522984916260
184572498231905
184582561575618
184585494897908
184594771576383
184597454919158
184615948248284
184616003820
184632234995584
184633268240902
184644331714207
184682074907486
184705108365848
184726434986028
184761821546563
184767845065347
184779255048005
184818978208347
184819648216269
184834288225684
184845571577210
184859878285003
184866421552452
184867851536331
184892548379542
184905011548368
184917125026159
184318738299555
184332161602905
184353074921503
184363914910426
184368571602576
184371908265016
184373564926654
184379298266183
184392778315259
184441278282216
184444344933792
184455726256
184174101746778
184263078263724
184269841627059
1842796075861123
184291934937412
184293581604562
184947458194849
184949231545814
184954811525776
184927208330865
184940231554918
184962404883486
184962491525856
184963864860415
184968194867942
184985661557544
184990634998692
184998174855929
443378879093324
185020535010362
185047601537233
185069868221967
185074374876529
185083788306673
185095158178327
185113428310619
185115718190959
185143068222569
185150204860536
185181448267958
185190624857225
185198071654578
185206335023663
185431871487989
185484888154562
185514508159323
185544641466842
185610371542549
185640208140578
185668044844746
185689934812543
185949644783400
185964358276988
185980608208064
1391855504368382
186004984770998
186011998166016
186026314767007
186040194798885
186086344796698
185259688196039
185262224865037
185295084878567
185312044977290
185344691501653
185361204950778
185367174908483
185374464858907
185378704831780
185408504814074
185698211492719
185739164780058
185749914797760
185792831472772
185803318174881
185818388151423
185831401459504
185844008121671
185847884770061
185856678248822
185876528220154
185887364810566
185900631483243
185903081445060
185903721453251
187985284597636
187996967942507
188001517916297
188014637904753
188022084684712
188040504676538
188040811225026
188102034630298
188131404582702
188140351221320
188147471352960
187499167935226
187511074601486
187511394731913
187574317927843
187575314614614
187592448046635
187598457969617
444596942352079
187606764739438
187616754636484
187866118000355
187883854605873
187884391382459
187895771254806
187926721381301
187929134636384
187943014722301
187943654701177
187948417917478
187953631243810
187671334745284
187676357949971
187723467946395
187758411243931
187830051234815
187834651278038
188172904565476
189321544435464
189325331102856
189327661132919
189339557779745
189341201101762
189378891214758
189395011121865
189401827901764
189414364577896
189419807765477
189428897753132
189431504434055
189433417856355
189435007854203
189435124431866
189455277763912
189528401098527
189530011064950
189535824436311
189562271077884
189563494444735
189572634582869
188872091132140
188882454343
188889521311931
188904197811384
188917941241718
188931764485180
188951787829908
188966014514095
156422131209696
189018997783384
189024704478791
189027980963
189056547799462
189077851153884
189083131124585
188199544624330
188205171221684
188218647916376
188220577862543
188232641239310
188242127861485
188247907949374
188279471252331
188290551211107
188319402105
188361254532662
188365541251250
188382994627144
188402157868481
188450731199642
188464421270054
188471037858394
188475497849214
188518001193173
188533137841173
188559417828353
188572481188792
188579687828212
188601804510803
188605334504852
188613371197100
188618007844388
188629064634264
188630404504960
188630724499695
188670937857950
188680081160742
188680874502716
188697034498903
371878342884425
188709121267529
188712764554694
188721827941567
188726604491678
188731314499603
188734804596279
188739834660899
188747831170578
188751811166809
188754967897577
188764444509656
188790881153897
188801857976362
188812357827150
188828177801582
188855507847558
189111154449936
189120587777656
189157324463248
189170057933075
189177674444056
189250511112129
189254754460498
189275474599245
189278454443814
189288121104226
189296997769221
507519649269794
189300824430891
189301821088565
192167660864944
192189597470597
192210684138049
192214027488497
192235197567688
192236364267611
192242260824266
192244730824786
192258150795897
192260057467445
192264177516946
192276277465110
192295270803191
192296420803579
192304867532560
192337564280510
192346180831724
192352520800164
192032647484641
192037897483021
192086537498341
192116117626498
192121040826469
192130207488442
192130727476611
191998210948361
222999457901824
192006260832360
192009177492627
192016207526429
192378994212620
192380914131161
191952997507802
192382774106225
192412394114688
192418124283590
192428664125113
192433840780760
192434400778039
192439990781160
192469367462494
192475100793066
192475574118915
192476040787988
188925591180616
192503430783371
192507290771460
192516934206758
192526920757566
192533510773114
192535917574157
192550554099616
192552670827396
192574624113469
192995504204688
193021487488243
193030840795361
193060804073063
193085250708460
430469223755994
193107167544938
193114904073599
193123425585
193157967531087
193163837406346
193169267361016
193169350719632
193173247430585
193176054038958
193181717405862
193183184074170
192822087407900
192822167410665
192826514082108
192828804093391
192838627408471
192887694071374
192909950730107
192916437444305
192924194083557
192967400737780
192614267556417
192629820931854
192631430767134
192641090752524
192653150759387
192662230861249
192675907450354
192713310740151
192735444079911
192756247443437
192592224124427
182666668444821
182670248437010
182678481802922
182678858433049
182722538426942
182738365093025
182772455100048
182782108444110
182793875098291
182794845101357
182809541735656
182817031894925
182875251899984
182883115121918
182885858471507
182909625088912
182917815071926
183152415096025
183160775070959
183174338519148
183190341773537
183227271711288
183228431744860
183230069144
183239011871389
183254811716456
183283008397741
183287361694578
183301787206
183340558368634
183353375030660
183354481705921
183360631767901
183362558364021
183366921716198
182972321747037
182979551754356
182981385046900
182998368418282
183023495126064
183047911729307
183059975076902
183061608394281
183062701724676
183071068400954
183095475095415
183100465110312
183131418430630
183132498395084
183132681831282
183138611737945
183417095076785
183457881863560
183471931687138
183488448489708
183507631682526
183511611690858
183513515018794
183571308351291
183581458350903
182597161930235
182597591947097
182604281781759
182625235102151
183367918383777
183370161694028
182969478406271
183592641663851
183596938339986
183600765145937
183600821837092
183609525007469
183644435023518
183677451716587
183695088319706
183697094994056
183712045007567
183716101690267
183719481663331
183722521658530
183815121743333
183851531651648
183857091648646
183869321688371
183910641631332
184032064984994
184065848303203
184084601800884
184085088281366
184116508286255
184117324964034
184119688349685
184122395124445
184136378283678
183942901647255
183966974958618
183987621647933
184001858322218
183732938368083
183741871657814
183759694990753
186099614920807
186119051426649
