331390816958678
331457430283538
331552826856053
331673070286527
331705220262125
331722600201651
331745933639104
331765106878850
331772060219008
331783447004788
331874946983325
331907896897150
391389167638714
328293047287207
328326383923125
328358503849561
328477487286574
328482183838428
328615650558494
328619423955213
328630680499050
328799923836193
328855607233063
328941847040
328968567141322
328999033919343
329062140599307
329064770471775
329080740569629
329104693883307
329125293539
329150427138233
329174447196962
329185977240600
329208437131863
329244550570181
329249830565811
329327017213970
329429413880642
329479587133748
329488890477192
329503053793531
329535630475298
329594947060742
329598353765392
329628933839781
329640803718267
329676663745002
329693630403054
329744380397655
332408543465077
332434240217415
332548513507253
332669980175989
332742696934398
332770370173646
332787373511247
332886320180357
332901123576916
333006390172380
333014156762562
333276463356247
333520230132326
333572483369675
333632473411020
333775916766994
333818586715291
327189493968658
327202484095604
327300633957458
327341690704491
327401184040971
327454563946742
327489997435121
327655364020247
327656863970411
327674860729432
327713477410802
327720607373036
327888070639031
328038737341171
328075387345437
328183203931137
328217577262293
328219650543924
328222103953225
328251397186469
328256750622539
328258050534124
328267750613076
328280150688223
326038894197806
326089124078718
326099134171479
326173694065172
326227360768624
326233964139587
326365590759397
326455604099942
326459460761863
326592644021214
326624840722120
326629237513899
326690564042973
326798967406034
326801257330773
326825704087772
326853470773670
326919780795681
327066840728994
329818733705144
329827073695342
329886367152847
610967025601668
464879323536225
302666409877091
172909952733195
126859557489117
211093722338424
330005260388543
330015203713149
330058823789706
330084293795895
330084480455244
330154540435960
330168923798502
330209960450515
330312703671263
330342580317660
330352630423926
330358603817492
332030783482850
332049940217263
332186286987343
333950160006915
333970513288311
346699888758569
329788763744658
329791627172111
348613441827046
348749398560945
348801448555213
348802391921883
348842531964050
348932331915414
348947511854962
348956071869919
225795160915786
349162938501272
349216518438298
349274498535067
349310025203127
349475895148756
349531875145317
349597461848087
349661345161532
349788535133569
349886391761001
349905835077865
349912785032200
349935228366784
350032118449200
350101615034365
350223428351739
350289445006996
350323375042360
350323598493156
350332528347345
350348591736953
350424225063666
350488258369653
350516841658560
350542234975391
346229902161385
346299258776862
346332412079982
346344035472366
346536955454933
346636798714763
346657155410274
346746255400410
346748508705758
346760115501435
346823148693458
346875022021301
346908261998503
346919468745395
346942192094765
346986631991569
347009372066634
347049432071780
347117188640373
347117391979344
347119192072651
347126238768196
347210542030503
347250735407670
347256985457241
347352728698728
347391745352568
347451451976982
347569875337715
347586628646935
347593641950071
347605868701374
347648852027378
347741225297141
347828755242190
347856482001302
347984055337827
347993591903709
571244349593639
348015281918495
348050511910294
348088941911909
348103565301050
348127655321363
350877668404503
350939478273053
350957301665780
351035965097220
351068844967013
351173704915104
351249511576552
351272808277375
351284791652568
351294541619004
351334901649629
351410038295935
351427551612510
351464754890483
351738084976616
351741058294558
351783377631
351862474862628
351931038251882
351970738207101
351980758275471
768965419809135
352032131595580
352104704800822
352167128229451
352313308242796
352322771565589
352449311544459
352450021550269
352489754877386
352495248187775
352550421478082
352579838202275
352591564856648
352686384909929
352770964886968
352789632525
352860348074639
352862534777383
345799818876612
345904722136050
345924232182618
345940055486935
213193142193395
346006765549646
346010462125949
346095892212826
346204488763130
346216582142161
346220648812070
348261951938528
348281268570984
348290281978689
348330641927224
348332591934312
350667455045046
350697461685729
350709188400634
350760451671310
350775608360984
390682274370184
390725544316868
390816124331780
390816507728189
719503728083787
391031217672819
391059744353657
391149161001619
391219474266245
391284230936824
391384440931485
391436457631323
391523337614327
391556320960726
391564070961936
391793344287038
391890184308816
392136280901667
392139740906411
392140654141892
392291354227761
392376440794201
392377444205060
392550707505415
392556447531471
392564920860286
392571597517224
388201337981950
388247171205798
388460421252086
388650271266785
388676974538491
388682311231278
388711544569407
388731637849814
388764744629073
388798547824515
388850894585198
388870194567546
389118121182520
389160241223803
389188827902431
389237794461834
389274607807954
389285707856265
389345751112824
389373161200320
389505737874868
389511701203045
389535281082728
389562484507169
389567107849065
389633791172095
389650751136576
389719524433611
389749654475574
389775664467633
389794277758236
389798271131119
389833831143114
389850847792146
389946381039441
385604984849166
385669871513678
385833504894343
385927868126180
386019908082468
386023038191079
386128641517126
386229221491909
386273898090885
386301151396908
386371944834303
386437011366546
386464354735010
386482801445672
386612078053915
386615394756554
386638291358474
386784544756993
387090851351555
387100978073733
387166768107859
387231681363893
387238667984493
387354744696082
390018631065038
390145937703784
390158797682868
390258344399211
390275491098907
390336677695548
390408364428045
390450461100398
390466864400875
390517227648666
390532764387826
392754744204676
392780154110994
392865397447149
392892787532915
392898760852570
392939947470817
392943770763120
393086187504810
393150227484397
387781528047984
387817331266850
387829137918901
387885427983919
387901938011407
387922481238152
388004984577731
388039067955399
388062167873872
388151117940274
387605741367600
389977774356596
1435312966728652
1399844060299986
392644197469214
305213432998758
305214432946121
305300539579622
305303596251631
305346059526020
305383049553799
305384982855171
305487346257745
305526499647656
305591152826573
305697249559445
305704332812920
305833049434359
305875716289816
305921329561930
305977406112107
306000719541274
306002912771082
306061826168559
306180386100906
306222756065382
306227162858428
306250849477596
306259749404031
306274716085404
306306562820382
306399979393328
306439532730134
306444509524873
306450692835710
306572292831688
306585176175798
306723309371920
306727352835657
306751699436784
306828012827617
306897132686810
306911126104898
306926509436152
306974599474356
110436149018911
323980581069929
324065531017482
324072237719661
324209864402787
324307381019595
324307894372336
324356617713079
324361560989413
324382917698465
324467034233207
324513380896409
324518001011841
324692277642930
324849494335509
324855964284505
324871800871621
324930104237591
324945027681398
325007427545060
325021666566
325033140893492
325067970902235
325164074241176
325173024352104
325311194242208
325324554278161
325421190856497
325446900947169
325523564134741
325524277579984
325558544321756
325571804141857
325618724168834
325687994852
325717087529035
325728647555967
325778827553448
325905630761494
325934254109218
325983717487336
577312415625230
589355491087144
326030360783974
322367467888048
322428117814327
322439244446154
322691061074759
322770527883693
322773387853236
322819311080816
322829057920138
322883617839548
322955434483092
322970287763255
400841383352977
323269321111977
323314147700657
323377944378451
323440187814922
323441114425921
323498117668296
323653774444045
323670514314310
323767014306591
323788781055172
323898214383645
323909721098525
342835932526171
321122634726906
321276661255291
321306467902143
321314498008517
321404611384560
321405661248304
321443497959142
321454484605508
321462761200387
321597784635746
321601537962887
321656417975433
321667481206813
321676424529694
321685071232011
321753664556985
321793697981418
321861877839939
321912317861249
321988044525134
321998364941
322177091164210
322195444655145
322204801213919
322282221224156
323211981080885
325277460853070
325291070994324
343852289135395
343875165717746
343898775762844
344051365650906
344052465730519
344056972414873
344157772341001
344261135693645
344262585753993
344307625721411
344323022268830
344371538956700
344374619083066
344401565570853
344416715610139
344457189525
344473838970031
344485138900965
344494585577017
344504938919738
344521525695001
344536705563811
344710672229305
344750298974865
344851152283337
344903275673668
344929682221366
344931575615680
344961828884249
345034058926395
345047938853057
345069602236883
345187023273
345208432310743
345242345537250
345275608882708
345494195584192
339035062864434
339244422810229
339434556141115
339457809459089
339486532818937
339488716161558
339502859485163
339541066188113
339575916174152
339594612891972
339626616162370
339630042782553
339662039391554
339839656074670
339847679462708
339855336143029
339861396098669
477173345700000
485086641511562
1449569291926298
296046280468800
1400800036830335
593357360715912
138328243045126
340041492847850
340065856174744
340103229453863
340140413291
340164712858403
340237112657912
340251749352783
340450496107966
340462989432860
340473562655334
340539045991401
340579839355093
340610489403629
340658836055879
340699876016201
340706969379825
340766216026040
341557105933260
341618015945117
341623095995295
341652509244995
341678482694120
341788562589056
341901762562677
341963779263624
341992595933518
342069559205025
342236119221892
342299615922114
342383462532625
342395575898968
342422702448342
342446915784455
342461259106986
342544639101868
342549142573464
342628109146734
342645952462186
342715032576200
342742552468314
342792259088980
342819882487252
342840525731682
342952015741112
343014505767268
343058292461133
343127119087733
343146945780409
343165602447553
343321305790945
343390319137201
343435455680005
343438312479870
343499875755810
343504769039959
343547199023086
343639612370894
343645385681942
343649515754210
343668932382645
343754405729393
343791639036356
343816672412204
343833605749351
340877749414203
340952839269548
340994299340063
341028269335054
341090552601364
341186212590834
341315352682746
341339652658138
341355039301106
341367325985796
338901426213723
338908002836283
338930516144488
338937596119743
338958399573033
338988626200728
342964729165557
342997242476415
340856189359998
377822209021182
377837165660249
378012805549837
378046215605868
378046382268253
378055042289600
378056805620857
378058165571341
378059272327389
378146488978885
378154345651752
378177152316800
378182035528053
378209808957624
378286372282896
378376738907372
378700192225669
378701848879504
378727985486848
378865045512804
378968732222935
379046345574347
379069685451429
379119802231370
379154685514638
379169135483527
379228112104710
379270098837269
379315755519724
379338455449052
379437192091897
379451698750195
379543668789412
379637425510746
379655848772734
379853782114092
379985588798452
235203089978429
380007828750037
380056638798185
380466828691085
380478222057932
380510152044105
380626572050403
380634765345916
380769845323158
380890431963333
380918692022046
380962478583116
380996552047085
381009498659624
381063175359937
381063248626251
381097785293406
381227735319443
381231385341494
381399081929202
381399465330463
381521521953562
381597505203996
381681448512374
381692315273980
381790948505947
381796725248109
381957385198474
382041251917937
382052295233452
382079188574568
382156711901527
382210205161027
382211495243388
382247991868340
382288751893530
382298435221827
383006115146500
383173185125512
383226065121891
383371505111421
383428181770832
383464815098113
383507655010481
383580104993058
383599105082266
383628228431468
383681671753423
383742765066557
383872391693393
383946124992981
384161631604618
384222841684629
384242918255218
384281048286134
384298654968694
384398231625858
384528501574638
384574931588608
384585454923823
384635305020413
384652671581847
384729028323391
384806901662916
382474315156840
382499238429668
382507601807190
382760698510472
382765301838479
382836821844547
382922868447601
382938531812034
382964465106514
382973688384679
384934074907548
384964624944735
384988224970751
385025424920470
385137528288946
385170718232979
385203141607328
385395908237901
385486134860579
385497991549459
385581991529567
1442195059325186
380109272097631
380119568776602
380185385392278
380298688709083
380346185402272
380362655352175
380408158772350
384897388222407
380059972158969
420097031358322
420107514789049
420147064796955
420149761364212
420162258099298
420208311356646
420275048070879
420285731390492
420318464725567
420344551357504
420361291408226
420395094758213
420426634744942
420445674677160
420600173218
420620721322893
420674374689418
420714414691667
420802598021140
420958461258273
420968091266542
420972844660458
421050534593957
421056367911356
421092844574243
421308557948868
421441064624551
421481634545459
421558934610139
421627051235226
421645887883906
421669257955434
421691631174617
421838907931913
421858801261161
421905481236763
422026197907730
422030441214465
422044021226858
422101137875331
422126011226285
422201861225377
422222287858202
417625968337947
417627141615437
417630938326148
417690475029742
417695901665431
417729448274359
417784298319052
417788431594468
417889161560768
417918688301332
417941138322216
417981294951351
418050694898101
418071928215937
418233908299166
418496618227
418503214913335
418519108252899
418527264936253
418591561559110
418666171580240
418735211588073
418764261556702
418793928240785
418800921551132
418855681580011
418875208206877
418919984881146
418983034897193
419071651557901
419071911565307
419076594870937
419103044876492
419186968191675
419251531466189
419355414768031
414754818619214
414873955307586
414895295307034
414988451966709
414989191977404
415046005251239
415091988546762
415166575162475
415168048596663
415180175257277
415186698532798
415298361924201
415340655195773
415389248581505
415442025267701
415449258581599
415641225218577
415668295111236
415758515145276
415768198438040
415899678432637
415955528517730
416013118535654
416036841818821
416050021764637
416070505149873
416089631832668
416150091748467
416156388462399
416178818485097
416216968426055
416267108508818
416272928408632
416330438473911
416452165095282
416527281751166
416586211726903
416599418398828
416657961785537
416719241814242
416833988351571
416869838368237
416906208408252
416907755097922
416910738443396
417070068313959
417122941642495
417136115072092
417233738411586
417334425017674
417425561645412
417452675070986
417472588394972
419514761534297
419516478154988
419548268082795
419568091387577
419647718178796
419738824786863
419842748121929
420069268057096
448066888661089
448224555286885
448259048601976
448304791937612
448354668637661
448388025208553
448405335258727
448542801931331
448570531828837
448575288523488
448638681909569
448780035161936
448866235212465
448912651864105
448956991870864
449054011804093
449088601767926
449136928463515
449138375165067
449232485129762
449293395203015
449426941759288
449484911862329
449624825079676
449639205109381
449761151764625
449776401705086
449878111717991
122578477887123
410281528999959
450031438372654
450195665013721
450276695005980
450300781762182
450342578436182
450420251726920
450435601699934
450507564992347
450548961680021
450642098326083
450727701636428
454065581378163
454223791342935
454376037960897
454391964606559
454393901292848
454485697997129
454513491279129
454566591263389
