320295541390533
135847369811527
227114544049513
213187448843462
637380986284269
344992535622147
373701406045919
133981623291291
473712782666714
339633562780401
435635253199830
425648530907051
567047579999041
148219788538356
118760531490986
833236326695575
1478973199048254
462313283840522
368031786646702
339139249515729
198210903557250
838945729473316
435270843222694
518377768197489
253273681514094
175414712627624
440944729318925
154348707956650
416523481717777
376023032445352
170149396410037
262538353902
359026390874372
382815721798823
852333801445571
121289974730015
244173832345301
132599846913259
289304394471467
173435289349514
385821168242308
744612812218973
1599887526901393
317334498340497
201296733215083
293362610776428
233186333374422
1470591146507630
113015855410874
439847102737815
226392020788325
606711552673246
262637220534278
358985307539148
363466860421515
422236174558956
482598971808343
182464221836437
458674230903850
689357947802762
538555306240642
189790017802555
623642314362537
201170416728219
585318151516696
205078556173675
216043081919348
506589802745086
294804123924564
201057686581691
173440436035846
136372626429374
229747383789076
130774657106920
311775188951564
1429124910644199
185478314861454
683986114948730
1392509707636246
357437887690911
418570474906662
688628721150951
563135187032874
152291208315525
179119078809483
338790856266156
528842790478641
336434973070085
330632973736761
162025960543955
635444869886237
272749639574183
1428717827375551
336715193095423
266335110123869
764757010231422
559268934109559
164229116952124
594428447294609
500227773322182
132386956836682
254421007962659
161957817268361
212888902209360
169224679931146
258866150804690
575440379156443
113438078832362
456556681150280
448076418594815
258167645333
171435309700268
145803048783349
223131941154021
386566018020363
343390009064309
144489102419660
593732807316735
614256051974517
584502524893882
127933254069935
227585820743594
1390820004502018
691027897636818
175562162512038
304720096235061
504451066293711
695923747097328
473342572778149
343214222509462
438074516228430
191329734226785
365164243640817
367505243317520
131119446963375
157271021116489
201359159911048
412166735577241
191493804308591
320222344774228
231728567004352
159908037434794
151717984953325
365018836881249
266934290039738
118693944880280
345473785653530
144512055613889
591749560909175
423645537663988
453247378127759
105833602830065
114305948612929
445362918941533
600976386640336
548747488483785
161730739070
136277409833822
185375828171317
168286529958316
377538778938108
195703160574243
1426043244315389
128721660617801
221556708039540
214058591996954
169606673088548
737194059633248
1450717055165179
465062566842939
150862754957
153109874779463
284307588271572
249738035056194
137255379638090
624403764313167
404041706309668
434975426602971
271946119583583
148759235171819
132365663603617
162884957237744
167042823441909
464635446920418
501376383264468
735443616497950
547779811980250
423109567798617
373362482711857
108475982525978
150229481677742
492895674130515
468504543277251
448862088551106
588190574578879
113581138714642
264161867384
599447876823071
137601594214
102580343138301
204353873031297
307342232616434
180827781954266
365887043496300
257695267593957
190081724458620
165002760228674
161702763945455
1394719704101372
397294863627160
306506439412222
140411729360571
179063175623867
232913873472367
100806276675234
220264874686218
470078293088618
346015108910179
165956840122982
454620384640698
323656434359508
333458473414305
383766221764749
225587037528526
246944592074246
129934597045940
368480213234673
838487016197530
565239236925197
286669108118424
191761854010
301767679948453
1465999930338039
1379395519020833
200425183354774
317238221643084
354563811341684
146669585406786
363632253762867
644333718952559
272637462884344
103767671984
328384800591434
252242418198539
482390488481381
187043618157080
555676841118714
218170448381411
279187532141187
146269448835051
177152155692591
1410011162590585
296366813861633
199234713544529
888699111149175
134107503291233
185910961540696
129338673803912
279426928911856
153819658002801
767479113303092
515392515220581
225878654254225
195313047165299
137726689628226
161781667326619
235171109910870
429195780441180
728878840479226
186982138024920
1447762352135719
247693915245333
452160301496000
430643423699417
430121137042586
343228909085619
209634322383535
137056286365949
181678015346935
1377949255792773
101070330055986
115265038641828
119812278104544
783076618370646
452156611510252
570322323024496
312684755513773
212211065589203
548004188590511
439853352781404
590226527692257
358380754196508
374694595206
201501989889946
145769985471621
162972167077991
353936141391620
417100618345458
428976423914567
276516619144292
288204164584894
329906100369544
128176474021139
101752276661889
259289064244670
461717397248019
704037929666030
124601290947242
143025939225007
536479656370970
444574258984568
193329514044366
662606587092365
390554584352594
324126217712572
197565203655134
130811300324866
1404370903120270
619129178156147
330906260392080
177684069033325
242351495922378
628204310558742
457155997706880
148449621956473
290820674403769
478259178875726
111629988857717
175957845823628
190591347646164
185624284785692
479271058815529
461296617254163
503466773036754
558809460809489
647318768614387
190094071141715
164119197085801
590891040941064
450564691701480
154925507939410
185335054842238
439095672824977
428574857256597
430775317017835
422536341195258
315477721935228
689928367794371
147371528722461
216012978591248
437154252966533
151629368348843
129261553841414
273492036156050
247140095396200
547230998729682
175897155789191
475400875927247
527382337328641
268630169986217
399344636779016
164354790395271
445097632201428
631369016874756
194749683871702
1404856063060126
302203319988921
353468948101259
201890073176756
713484458668559
546005888862363
260129957425674
182447588455543
238270979526651
388479884568044
364544083637620
203975569623027
196356793726055
165677330152393
299947340147278
505564676164980
316473148373118
704442752956717
209944259133931
351934554928895
427669353965256
507386462646827
140435926143385
240616129324191
538042379544194
352592208229269
234741696711178
1392747030959921
498841593593553
561556163879362
118418068233371
142874865857201
338089519596182
555931194544476
293979110776261
402244296503692
489862074379799
1416814545206862
172627819600215
153027354743585
517348698280692
1590775694488111
295019653938241
99374149098
321662987959420
319916438108684
284063711690537
246910042099113
308704712561440
125053857580832
1403470349910858
696560153700255
310174859085508
111298015575224
155788714453184
240336036067526
210664365630972
197055530490246
600971309925904
543505069036142
457814260973683
376284682451748
418524444897761
157834154264199
436354963050099
568808533173997
332616286760663
112901292117680
728464733912643
304444179600299
623553314360601
243689205678575
172843622804930
531404240265437
349134455276247
125172187550924
175098945986013
187960367995347
105483392827926
140231902835069
199677196722358
1423673541219745
198623020166208
558850017493575
156130787904860
193042807416733
168505166647640
425911017506223
1422813354647596
146127755546481
435484533148046
434682219965467
156907387678086
212491068909769
1506546896227932
1390873334535019
136932779765468
126558204165754
529648153800399
273950609348458
106337609461171
162881833773089
355462574570992
189562821139662
128559460571717
189762867834777
517031168440229
111864452207647
323655527667021
1409991729266461
481184428580985
1538174949742653
235777963116956
596762560402809
1406163309601524
729641013785713
160653720682407
106461979547950
117801761593325
103203903118494
129284890467775
328892080550970
198352143636372
322338021278527
1436271646588269
303445973130105
512484792131914
541955469178450
238373076317905
577156989068952
219017284944100
502648363194873
625337220832352
156618714530822
186631381467735
163691793652895
525317524184591
1410219672547786
145150118910837
176092662565583
604695216226454
577219438967565
633326466757278
233573823500265
528978657197295
247875901929591
602139939877617
731924283504017
216513828416246
1462192987334892
109296189276483
360736903965636
672443709448619
419798438141719
144776975662529
106430469440959
656822094395008
519714488108650
469273556514642
29760891358
370056639706100
484005685007608
646988051981793
329908730380906
398771963585078
273626062653053
164090043645239
228726837277170
475669282472601
251070289017
161795650508637
316107961747932
316988154983486
467955239978755
120930177984204
275434922575936
167505527899
168358739998503
137794772901872
151393644920189
141124699261711
173262826196176
371850699530015
433597433413023
521021807934719
1517054128532046
173929119322773
104191696361743
477707312295467
602321943215785
159313674122359
347108511990
1482927388590242
205699019440360
602567179800487
565822073459881
508625645842022
177340922301238
381916605269563
1435076516732689
291415097658351
609622985794146
104086356411405
201257439943386
261718274011709
540290886001606
149152945216563
168678526665776
452437598131572
134516986683526
397749667001504
1499400477015146
334864296588122
492556827464590
286774894793442
102490416584521
100136220128309
194565697264194
136880479799621
366521013440547
477563768981428
212984578792486
570632919670528
241716679318659
242517105934430
634957746542957
193009187478832
175792949129341
200612120099328
227622464097564
112522172217520
257245657810487
412679842079379
181827808619401
209495885785349
399612740122189
316443588481342
493640360707340
243868982395127
535617563164775
119068228179413
596220427061797
234856340035189
827907027237538
582597988471406
547861701947160
402055289821663
302671976502993
471959179517019
251536074989214
585279198203056
737438882974438
146464995406266
339692296126258
657534484297298
311188282389752
397541693626721
129484370554657
1408034596138887
1410952499127952
144977119022669
504891102907050
340703946071659
200987823260166
1426835944224769
452935568078614
570816299633886
1538878723023450
412154145466792
1402116733368091
1377373519163516
122216267865700
576387975788205
253784951401677
357773407608879
153823761476742
204217799593807
410840518981387
266858140161057
441484799277316
346742908696051
693365630680449
445944275434013
552583591453559
129854620365239
343487894511
414120195431086
115420475274035
349326521911568
164238690411999
174057232639897
628134167231059
130870430314170
1375479735998666
457354127623197
221386991208687
251217721562528
294582883938932
162743837211859
153993414696718
512507568792490
1583475385212910
523243014387933
385729048114124
140167826000981
556718837726684
236579146433691
213205535361836
566422503411178
137504402970405
526526167401507
186643465478
160773900612332
277124545823
440690185960944
429068690539098
1449423948661372
1525479151014220
200325250045177
315791971960758
229343023931782
158974617450717
691137417622987
135643979838997
244313272296687
163389320500449
548377978625810
657220317697759
541253025937667
256177744393466
126799244119938
249001328613221
592378737447955
170965072939036
206733382694043
135241316613713
545025958863899
297900160316507
351441364896291
240510749430186
367545986745821
1400859343479540
136530996388314
244395739017275
601164173257090
161337110619379
148964381977671
794470870566177
562542707124998
571418762901119
297660053663196
272968956156964
458591834172409
1465724336984357
107513002723523
159062710809955
206364336093303
110850979034818
346317748804172
142075302601598
359094640775901
310520621389
287342248059830
436316823120663
741879059177237
298719263517894
426914380669342
587230591290171
1408853532687277
1374997952747781
178859923518
181061675332536
180002408756682
428097560640226
593728637325764
149806708379825
169671793099202
306559912791095
1567555000139599
468984136509633
128678110504980
471722802950109
190177834357683
108318605914289
295783093790053
367536443317975
633007323427717
137357299665698
204426682903221
346411132205876
858062167591927
1549739335252970
287867871403707
380432291982170
1418934378391572
250700198367332
373648529312063
478075288901611
333567283451170
222819301257937
1484368211805671
188912624471049
128677620555994
207844756079558
358345180864796
371374949282
270446229646682
207928370329
142663255919994
92964986682
206355559500593
336891949738172
472027306187117
131916136896101
476330012462754
370441216304263
156356581147040
375586685863917
514056491994590
171087416273544
170745629642858
113532098735997
223129674425525
511565315560004
187501704783209
702515059796938
120002118016082
567746756641290
730010363689906
465870153521027
544377798930741
500974756646991
1415521382051905
262096527222892
710505648992439
338599062891458
204697759551162
368461526551277
808014262562078
463814487049785
177695595675375
417895238300468
268816016601132
1503329763261623
645896348768598
195111570695509
423380807681045
195143403861222
168223276570102
318103344982377
121775461314689
368317926604996
312168125490858
308455015967387
320497004766106
287699331265249
175205649194573
557604517645475
1414834495438685
356711567745465
1416727578563867
418218301547831
593894573967590
265522220251801
320895624593714
151408541718217
415279671881495
622891967757185
276431839131972
682692141820956
1403942016495916
421051511332315
308932445845533
139154156223590
1402202773344120
152299671626608
483844885040229
610077699044580
286963324675792
185777991439489
173289507733
289158911175447
370497329737669
627761287239571
628548613905032
1542035762678408
162638600519087
144143125782271
214555282011266
158022130953783
498771960186358
177842282274844
167342643423730
458179240955269
742681649128368
182848161896570
470848259618279
236732616406246
355411064580032
180952607668
547448815342575
1417482575163426
391094977570299
466552163383031
276195799057180
144729572247298
588579344528116
253484768030229
218152541547590
659386000753892
176427949162228
600822476606959
113828015489540
103485919790415
221248594741475
247691218696251
317785524973621
116607828498066
502840976460916
116243778415185
226231280822004
428161073889128
109437162477087
383182081796869
466451913422865
380187048748391
559020697542643
205659656274429
388230631242475
204334276294435
217859028414025
187603924727666
1599460313614211
136616199882306
533680983331220
179675942223437
100750130131524
129316530578197
529405957103120
384722644890440
485528961457510
1507793306175959
241824369173515
595698950538334
229913607165220
239276892784613
420558357989974
307471286062678
163743477320
324664640881206
258817497578647
200635216781379
397011723770001
461254083964808
238145579622369
142814685921921
245510148972613
376230792481254
369259366482166
499501276758121
347127435402929
164695103663800
257969104218288
369406666498605
412651682105278
525341700837112
236714463118485
302256383124170
151871888290910
398289346888964
386896104698029
200107780175622
348440838582779
372097042883344
112843852126904
119189791538764
133309711936
207424062742565
160593500689850
314881341956362
374823195901862
645422922189477
155997214574269
203462946444303
517250801632964
198572356933898
818444568200354
388974854516571
447486778657333
372587422775841
202748679880816
112365135548020
420718004651427
198905106886323
409702792478970
410153819035318
190332581064635
488853414542666
458746127471232
452952764794604
361185577302899
181195125366818
748820361858841
319561234810746
1281717528636330
507299875956763
478558152196331
698241866900831
127859270596645
504970202952318
422910301115632
338911302895456
438175146316588
545040085546019
576803152339662
452515911480914
657979254228557
390185514371337
323761167711514
192165754282185
422547417842871
155630991290119
245449155633913
158876034264935
343046462478713
474161159287919
326181044104417
343217752424343
477739192285583
511136505586443
357126977713873
273167476159871
128340557316784
535165853177598
1384700705077317
