454699717937490
454731687939044
454782111281704
454783801251934
454823034605762
454832484589339
454892017932495
454901401249067
455003664530377
455009281195804
455044097956667
455165287847075
455171347911857
455213131251639
455430617896778
455460114486706
455470834540052
455474807905860
455519147908824
455560777789030
455636854454777
455830494482288
455848784488791
455874847792590
455997801128047
456005211135170
456115784509974
456202104496424
456213407820368
456291204408851
456310427819052
456370801072287
456412854480431
456549041152091
456585294422103
456849207777457
456862494385955
458600884254885
458632390824768
458709714232372
458737934162570
458795827590416
458802627488888
458808414182504
150570908485217
458989660883774
458992344158936
459096867540665
459220314208545
459259517476266
459348224077723
459366174157233
459608184170055
459642377413302
459686604140390
459698610808992
459726414066385
459733654079317
459751474141030
459755607369563
459831057478728
459898687461663
459931270773630
166378706880301
460083384012537
460162164079444
460293450689576
457529351014135
457530464275133
457682584336756
457698327709411
457699204294256
457738354309883
457879317578965
457956480988021
457975607572672
457998747680380
458115947573426
458135690891921
458190467631101
458239317520214
458280844249618
458329360867971
458384267614984
456987251102536
456995321070575
456997317696713
457020387729581
457045701043567
457058201040030
460549877356179
460726337336212
460797373955927
460824220673081
453792107996161
453879584649398
453887124721949
453938487987123
453943014751854
453971414613110
460514520710409
493679290743743
493775574008396
493846327323349
493877433976137
493878837364967
493878850675136
493908357322938
494124143963397
494229980664374
494231793938286
494232103946767
494377320624249
494389360688629
494454673955155
494538923999616
494626057260513
494656380604743
494680777295696
494692950587974
494701210585925
494704697319397
494955423859549
495039040601815
495160587238165
495202120605341
495254980582393
495334947169482
495479150499292
495487347184491
495521677124906
495555687182405
495629703838775
495638727145259
495705387186465
495714373823984
495740867191836
495743777148221
495770343781263
495854957106922
495931150544406
496231440438736
496235737060864
496294740402288
496301823830095
496429343783601
496443223746474
496534977114102
485924911478161
485951804763387
486072634787376
486123101504295
486150681489085
486348408042936
486468231394162
486489358070830
486574038092270
486659614708091
486674228071570
486814871444029
486840044720125
486841951364481
486903441344477
486960601422055
486985344681339
290120027772229
487048837997211
487060621379812
487221544683596
487357768028582
487399421349063
487493257944155
487510914685343
487521264617898
487619141273521
487862901253226
487879747928551
487937794630069
487965114586117
487971731304468
488034144580480
488078904562979
488080004638685
488213164619248
488225881308988
488294654574298
488301624596128
488314517947136
488444391179634
488534147824093
488540087859335
488570484525011
489586504436681
489630054388645
489652297817170
489892747767011
489896621033455
489941467777365
489942247728276
267894693356362
490046661073677
490083224359283
490102164383473
490105904387768
490145047726779
490153984363730
490232221048015
490303591031286
490358504339934
490514954340716
490518534362714
490590050973514
490642247661555
490741640999691
490879690980622
491111024334849
491190320930493
491400220964388
491410480899687
491440854294102
491446757608675
491452904229080
491505490887144
491552174255080
491578157608827
491599600886040
491702304247052
491729180971882
491758570861058
491826824232188
491930554159427
492207584141150
492208390859208
492244807558174
492262434121732
492383184229890
492447467564675
492451767475053
492521597491710
492588074152578
492606350869297
492620704192539
492660444163076
492710980795362
492822684105891
492895134150695
492903174153382
492939440731722
493022157418288
493081904052970
493250884027052
493302304039173
493590103987601
493592437388219
488709044569444
488828864516647
488834737917267
488908344508045
488993657845331
489049404481846
489056981153769
838348036181921
489220427822615
489294357782583
489332667829486
485118868208274
485130554930148
485199518189322
485437828158822
485655968192553
485666044824732
485666224875716
485892284861030
488588514570250
488616851172865
488623837903614
492164617540432
576677425731844
576737455718162
577092108982520
577193272336739
577344388997204
577532132281562
577538999030778
577543672280680
577565548968867
577594328948651
577609575607631
577772322236295
577777685598179
578112652217169
578137035642683
578157525586056
578169995529131
578185045619960
578411515564763
578530948876798
578534308932536
578539545571364
578670592210257
578681155519700
578818398867940
578974655474342
578992352168356
579107668864327
579129078765622
579132388811928
579238675423230
579246598853067
579492498785285
579532852116722
579554235511318
579638498809618
579882822057859
579884975406381
579888352076827
579972972031733
207524269262026
127254684043276
1400936333505366
142826239221028
580076325375652
580210455385305
580266448769509
580273892033746
580282285367604
580327802021112
580403125413151
580752015274393
580938928607274
581044061997754
581046591971493
581233731898362
581341875221380
581386655226146
581396681871938
581447651913208
581543331911390
581722941873923
581728555198830
581749261936082
581835111877623
581869478538662
581931938522146
581948711917761
582105575149274
582154021803147
582171461848455
582291768509951
582402961828219
582525488467736
582720255169433
582803408454862
582805675174697
582851358444199
582934258443792
583020448378532
583038891740099
583177318465085
583190998430069
583250211732394
583289428374305
583375985091449
583384521674276
583385285113387
583491341722250
583581698344550
583633611755163
583690701658350
583707008339691
583709181707752
583744651666935
583803455000494
583904561729749
583930285035318
584043898300055
584057518323066
584094701642458
584115718293288
584465401597468
584530101562421
584569518238801
584625434968785
584813218278235
585022968183716
585219051512900
585274184925502
585410194847993
585506768177814
585517588211099
585545324841619
585587394893631
585588698121089
585729144801884
568176369873980
568199883195215
568221966543561
568254279860807
568286739880629
568322076511168
568383743196193
568401796606366
568414519836903
568520856513471
568637206501327
568666509865352
568694843163797
568728483228372
568795889880769
568817369832900
568907096518081
568991446500776
302744888974
569002186476809
569087706505213
569133759842348
569222716502963
569299396463839
569346653154507
569376363088731
569450053072761
569612966483293
569646279745686
569810713063878
569814599696861
569878289736843
569895746429256
569941986364482
569978836394251
147650781926703
695553567126404
656327694418624
570112189738402
570159043076765
570165813047035
570233966358690
570324569665417
570414186344480
570418609678512
570438329670963
570508216324116
570655122964106
570685509668521
570751653022341
570784792932753
570867866327725
570878186364534
570904302942479
571003596321298
571018419637013
571023379664253
571065859575786
571080739676212
571092132953663
571148709607858
571173886313847
571238929662405
571247592936186
571273699549433
571352422884160
571490229535664
571527012890952
571792079573465
571903449552198
571939649511761
572009859563491
572036282852790
572049376139372
572061066223678
572261452851631
572311149561717
572468209450160
572495246099118
572558109440313
572627242775285
572710269530894
572859136063130
572923786136467
572984309476286
573095082772223
573281666139317
573379729359726
573797289344558
573798456003684
573830009338360
573833592657629
573868952623420
573921482691274
573922869330219
574008319309952
574176062613547
574228625935151
574244505960825
574356622661396
574424159248527
574504025976956
574528062665624
574599942585004
574681049280070
574713925992318
574848322554729
574985959200176
575039689237402
575109439274985
575179952569793
575208565830076
575218045830880
575272069231056
575400532548406
575421825857889
575526032540014
575549379151003
575574559137320
575589359200782
575618689170809
575630245830463
575635959187868
575709732470794
575798289182166
575816789161944
575852042441746
575976762486780
575983412429245
576186939105839
576441879050453
576468852372518
576501432368435
576565385703910
576607539103088
563401247078063
563513807072440
563585210370027
563669923726597
563779767020731
563872337063255
564075900282028
564241623642022
564385703679968
564443480261939
564477316982895
564489690280624
564529733580361
564565626964179
564566806917057
564614406927804
564639573614569
564876850224516
564933546924917
564951443546964
564996940184715
565015733537396
565031743555000
565090216842946
565118233544576
565160896935528
565170830194241
565444150146331
565651916856553
565766426886183
565822056770722
565942270103528
565951773525511
566014646808697
566089793512501
566323466814818
566405710054871
566526363387955
566595663378557
566669480062830
566706406679280
566967813319775
566976063415980
566981056668315
567211300064636
567230179978646
567250133353677
567330326633256
567477549984984
567540913308893
567591436603415
567670539983089
567790826582920
1527505744136486
568069163203630
568070126644415
558685377488815
558752284168526
558783624188948
558801264214309
558941264196858
558949757462577
559014744164421
559104630847194
559186540826163
559191247470054
559233084099932
559268320806046
559284174096002
559291964186347
559548270760377
559566164129900
559636960786812
559684987476660
559944170766682
560087990767757
560302290757543
560307300650366
560513097346627
560556990672037
560819467317092
560917753945366
561026073969620
561173853942271
561227337269453
561389454007062
561421497243415
561522040564492
561547613902084
561642883915619
561744870530285
561753827183170
561933160551154
561991997207374
561999027182404
562105263858573
562208667165216
562260183866528
562280023818832
562453110500320
562496460442141
562545313867396
562552517136531
562596073834030
562610153816691
562665100452426
562737750469915
562792843775099
562834533803509
562920463750653
562945063730166
562991617097460
563063243708429
563086790473044
563144577105834
563175227043832
563176173725827
563202227103971
563252890412887
585955428112959
586019028178982
586040944766541
586085828077757
586232684730760
586305128068083
586391044741871
586403871376195
586455971372093
586605354686555
586876108059843
586879541421098
587174161396546
587296198023187
587310754651564
587354328053616
587653204627946
587685597977545
587714618015573
587892924606758
587973814574373
588204937870864
588226457878054
585895988105217
716869291672520
444814938929753
444860575579536
444872118943547
444910515565956
444942268858042
444947138941231
445009268934524
445266025539577
445355845562601
445445412207258
445649575499161
445653525535116
445666275475834
445671552140852
445671755450926
445718118891684
445863492185317
445907138844412
445972785437175
446030882127340
446075908750582
446211638809863
446230798814442
446297125452917
446368535463812
446381252100106
446411132045310
446416112071366
446498365433256
446555645418075
446556602086104
446561262030162
446573812072797
446576348744330
446654985375860
446716875447971
446720558707387
446875928730172
446900808724004
447010005431538
447109488727858
447221348716218
433054206777401
433159503437055
433223976731331
433489240015009
433569920076267
433670463334242
433698666696943
433855870034389
433875036649696
433985043312596
433997803366060
434017376687816
434019223385046
434210213388414
434348149988253
434386000020132
434429503266221
434430333333284
434482659965402
434524923252240
434565306657387
434591633265459
434677063276719
434781966608114
434805269971127
434823376610324
434954143284922
434971549910364
435114223190790
435164663264146
435202086549694
435257476553342
435310066534862
435315556533038
435403286501011
435524729861946
435548439853232
435700579779344
435772793226735
435909763121160
435976266496299
148494378549794
436034909804363
436178913186214
436193973169307
436236663143988
436302623125864
436330559749342
436390829771753
436392493132439
436426626476724
436501306432189
436509553099195
436588329718854
436697536422921
436761936400354
436798329786105
436923639770634
436930433051679
437169029722383
437182893080662
437334323025389
437339169628340
437416669627875
437438116340173
437480026291866
437621506352878
437623979715150
437672029686449
437677186321552
437809386341248
437847206344415
437975276256393
437996642985733
438013989677156
438083302899787
438118566328182
438308402920466
438342786245209
438425166294157
438440572910888
438462412897241
438465742950688
438479169541431
438499226181899
438580976216198
438589359599900
438593406286606
438599926227463
438785352932087
438791679490273
438799732870421
438830642823512
438917866181108
438926879541464
441822115890898
441861132519157
441890879207185
441893655916537
441961059171468
442102485872065
442109409203804
442127462539007
442219329218222
442528109163599
442553609211624
442575832469126
442599932501691
442691629145457
442889145785385
442907869165377
443052825790811
443210825763764
443218702473665
443342912421704
443396942464437
443401245762127
443442049003149
443478992427578
443479052346786
443592022415203
443614239004032
443754675698291
443809745671235
443822365649270
443936458952570
444191145600235
444408505705288
444423028929914
444499945571758
444691088918993
450910801606335
450956264994755
451195054980525
451228914984180
567846609901630
451296001605983
451451581598283
451483494948165
451486954973252
451515538223138
451528111591021
451581168254972
451615528317629
451644111605580
451884531604377
452019678240337
452031111539418
452064774877176
452101208251535
452183741557625
452275201552997
452279931489277
452304141501107
452477011508848
452571884788971
452608558163187
452662998095294
452846698133344
452993331469952
453004274806388
453010848134879
453039648127159
453065121459102
453089154784747
453317484728976
453351221382250
453359424697940
453442524728046
453615058050486
447643085319533
447689478642170
447700655344354
453681624717922
453725208054675
453759764739496
447483308655755
441768742624364
528095033920878
528186820563311
528221973899728
528454650530686
528519077177476
528561303864320
528591797220577
528699033917367
528933817202759
529029077108110
529296490463019
529381490447972
529434097109823
529498187164273
529624143733077
529659960379777
529702937075846
529725957087982
529743103747488
529750607040473
529755940408583
529801053733978
320912897944770
152843394773879
275502372591033
520594474677230
649274075090142
366744606790025
149742631761944
495640183828262
456570604415433
271193126385209
530121453710568
530220920391093
530258463713470
530416826989288
530530983666837
530655137041445
530678373716097
530702480307166
530769813622138
530799883693101
530892566925583
530978966947626
531131070255944
531347056963680
531394653578333
531422706947402
531443693582790
531583670276582
531609236889077
531616370231862
531705523603183
531839360279136
531861236942214
545011725552743
545050508960351
545099082188035
545373955510790
545409438890999
545470135583945
545518205458434
545537182189761
545611668836683
545635998806441
545664582134154
545775992218857
545961335471020
545965782104637
545983115471587
546038702109572
546158578756100
546226055473716
546233122101950
546243025431923
546302238764785
546352358775763
546390528761027
546552912057444
546621458705593
546644292044020
546834008704523
546842852076182
546871642055977
546902035424500
546992858705452
547138055324140
547233962021348
547292358659502
547495288677180
547532282025643
547754148640157
547788295357258
547812818605872
547817618628734
547943098580218
547958298631932
548043951927770
548078551991548
548108731961270
548177191966476
548275781921658
548315565203348
548349731875139
548446361853620
548502481867982
548697555215276
