378616138876149
560812567312657
203763112989194
547374715342044
105152836185843
191877847500684
1459911220912268
361687243941920
166616040170310
150597581758946
1455515001354183
119409788256895
314698548665280
1414884952080299
382244941859926
296840383849027
120617181350194
417483368302516
264152886962719
115447558580564
175983122454273
207104875991243
208338085991971
262297447272854
684416654916548
538162246240494
798987543481310
100211030093252
295409123897560
429905063821195
263135400470615
126247524057580
248782468627357
692879434074768
261006573985778
480604008688566
691570800858067
436038453155645
468476526517274
255035454654558
424275674367223
197281913652
589903291025481
217422575091016
142188542487220
1408755992680583
434178279984823
154984674530666
451342105006156
386984898105201
1404006399811459
510671225695434
184598598366225
162648527215096
100162156762367
530693066961860
1506555839574759
134956083261916
563026687073929
465356330224274
271196029609983
1429133543998171
145211388874888
243902579048280
379133788808182
581604891920388
220177428010126
131853687011093
159855530817210
258756870818751
199790386766739
300309216735520
140857816060367
248419595284184
441511752627102
234418913275728
133341240140233
231263843703559
385083898292236
212016922278328
167552830107483
1504785189794468
612325448818143
211934512184570
184427611579327
259780547413039
375315859185784
167560956625806
153719474645864
278864242286102
103511643157744
634757836536521
431245553628046
213339242033156
147303158665727
352180328127837
196452660429419
383728641665158
172673812827284
646319558757355
155145171250048
175073929259508
102857099799180
327589177266330
117577061672319
443414432468632
507249166004776
1452922698261471
151115425028077
444182742365346
253292154758064
501229843238502
412669982090807
551637468208225
163231133816793
399009256848279
145955485453482
249208305214291
320423971301497
104673109707825
486638554751739
654441664620125
396061843774658
145800508796427
128044994033566
350045111684624
146906168831651
134007003305225
194950627221411
336549626432468
678822152131965
286368428190257
224604484248311
290788557703861
868459419846454
522278841169504
468999283176094
1409588785949555
268338436518126
455487844545169
111952888880529
172869326093289
694665847232187
475425975822969
504930802933461
158849040983971
297809867023188
852376154791761
234314306711302
154184881437981
336261903144980
1423305234612770
406632672699186
108665452661726
613687038699721
431440046912778
339453076100850
345598815499817
196505197166568
209843522382871
342721155859018
448895041875236
179097245472866
224697640918123
555267404551788
519121818162295
359327894098734
382810868476700
450538735041145
530753603647519
263646363773216
740040689349491
119477541580357
474845655867059
124159531022522
310706219044287
107656592657143
1418236125061959
728863090462957
129875117221488
1493908744203826
381057255315203
111049948911649
172936933498
338401636223198
253772628068424
124228617646588
1407710559518253
174736149283791
382795798471158
595713120456486
253425278070026
265184146867569
203446239687898
168118600020780
250664371621452
491447657613694
305643266184998
226443846519
343211975779173
455621884551096
306475312779643
161601197314585
224641444363108
300694049977256
256822160999151
257826041056243
160168807413111
329380397176125
260967097364065
268169543374567
771658426186715
414543925328013
155726884481756
315887791873833
451269561652783
277477828936659
264041590299789
140309856174107
332316073570076
284059651758593
485370394818815
149599688393291
118520548242800
196950037019366
1527187190829786
196781577137320
1432280206990132
674714442547135
344480075645702
1471596023067010
161629107230829
453181634747704
278779788857726
419223584841755
360376710788235
114677125273241
608919542485118
166262570093295
235522516614088
234947696533820
436358416428560
429053130501612
158120497721637
271816012960718
436368256492633
449950701800712
255842311127677
177427338979038
189057297820764
601139559966882
164587930246971
536700719752241
611607442252053
524321834280540
184348405046372
105776202830147
445717792189148
111611058921583
248582435252163
150862231752188
109293649088415
379356915524960
541360142602100
173599309368061
160737800651523
1548851812053073
651721284914558
224750457644089
176205935831245
684475158305325
766091086748308
183266155038354
163438540386634
236977896462042
172908866088194
148856381968963
480217688689462
593589094084402
238482226317792
394550583955939
474716309265211
580809898628500
291181571061995
168288793223200
159803190740231
276435429197202
274714562640709
626645800715344
1417587068471460
190279977841977
317628248270424
176777799050665
331732996995245
175788809129513
547514811952619
245549628797297
532419710146575
376900272380017
473485626036883
483069011773414
196265910428997
252833798108243
335584996494634
197348533738885
194764793928055
225171437520786
391443227641901
234000463447464
308037999342806
185913258102480
171541303022188
663609007061064
565955606777786
112646098827078
597352360339394
557996370944040
535223619831872
252430718595
489472221136372
177654328947045
406050089522225
253608867990317
124929380948625
173422666039417
1395480300695676
297475063726082
172978282909638
130626093710559
499479170104836
460420393980041
449299185133986
125438594297941
113181805503027
109629525835744
189153687831466
192254767579374
119383358806
858197874196343
170826759616757
1472314506316215
1405299686385635
355946377861242
140841392669999
631546836880527
559981050739429
1428094564119685
425897364117551
130058163846205
178737665490862
772285106172411
137110356336215
596586287070757
682386698474815
133295000197232
160089677358854
107770649270899
383368521686944
117326308413024
299747223466848
246944102016649
179017548810205
305476426228967
206516416182016
351474008295613
210421845809886
602474543119043
169460269916313
236633776533825
270801949663266
107797122722242
640563369309470
591137550945441
566971243338038
327013710768412
520519307966024
212199308885343
121443883394
226571987438938
867337456616473
150720091784023
201112816723723
433286896750645
147722822079815
289305841229688
340159346063571
145149138897076
531572836882868
199084510132869
135303776607113
148598785168643
1404472139795156
548076738638501
319192274790050
117004618347183
337996906175
323023501076955
490968474281578
535045229913226
420361931314351
238912206241530
664550296944096
286572931476963
243252872460222
219921164738659
200691379953227
587507021309505
103543809765488
218857868195504
199281683448089
735794483174805
300979726599664
638974159488080
645944475468112
1462373264002984
481022555262631
498342046940455
210446155755663
330391737024275
417459771743009
1442539079292181
132577882813
530205673766523
192435704154874
707918965926626
634230816606673
365240340280839
175515805804760
184570564914706
549486448440148
397012280403977
210622342413934
598979196809744
165046190330070
123261817822985
213548058805706
625352947489800
183386435178370
416826031680038
193076130898
192895047478677
186021588117774
351776898187038
121191851413281
220872771410830
118466324839705
1382624405326150
181068138757955
417979041632841
154922241191269
176819622442727
390235097684463
486011921411452
147097392015304
302265026489662
607084909334709
138459076234777
631029180250218
654853097880824
156636141092614
1427091417503954
247330962061362
592782150774005
449058741790936
582939465159908
375747271755
535860933152945
197893343584645
118453268205034
120563928024747
489261437795127
160881174112210
195015290540071
106102572883166
235596978051
116219150828
127374984006900
333527066779356
174919975887484
295096800510213
359861850800812
287541351346745
103525478991
193247837528679
210761898948806
187642841304731
430451767088467
728622117200388
337814306316774
207499402626879
548762651812001
441327105969062
405917559466154
445321725545059
565765863515482
751245288266098
403020159806657
207312992781167
207810445902468
362161013917023
127248757426139
213204542040542
135518319980674
155498827916870
600964363364722
369074845536
427765087277532
535807406477174
283910301754684
750758548289906
131619976883459
132002453609654
202347616476459
269909523039280
269878209817652
265357966815050
324398364254362
584851068204967
577094462375100
110930435736572
299005483521369
173707765998376
255797734476722
1497080277183984
140048863195
557127764401665
186078331402766
520556294659408
148188042040473
377148782406239
757768714302118
433109690374
226804634037277
181769018557804
263814987046780
591092287582277
390119621063675
560866043993113
506881412719569
200227096772216
335967866450666
152361358253992
121188434620989
314523178629325
192193070893055
229622700519950
1548651122028668
1401340660143250
374089295986969
123662731014011
147399131988460
343248369097467
243178772368325
429736583826067
204546192916536
223790207733254
1418904948389365
494204137283217
400059630111381
105633949559379
713121105405941
135556219832243
340498716026722
243728759117526
258492160963176
248194948596838
465852646836021
761477003868344
319944044781331
402465949790325
509061075852595
199112036936623
667448030013682
232721066824989
208527219320718
428306103986643
466831330004598
787636071291167
484364964980102
125472210867921
248708015301141
1521001918126174
721464974550251
424739570891613
138323112945697
478348845606039
526982613987921
558498960904643
158051128546
544648288915245
235088939949885
1448964595343537
1453939298190346
459800117470731
159122874296550
379001195574768
177637932259428
471393122997789
162081623845524
341481809288788
434233996630549
226218187514066
152146771550868
632830926792306
168678476551456
732479300146011
298855556895371
221117197924451
352983018101783
111460499008164
174834025932811
171338499554872
115668955123530
434853399887204
1511895079034497
422893241121399
441423325974139
128482767228082
117345175090383
160309927472069
545168198922416
454156674670954
504543256235493
113333495488993
124723964271870
133758430101730
128997387286085
192806290876951
167648806654312
483222848454303
214115448758116
491488910862921
388309047864807
199157476960949
256833351124315
188861944489386
354855294560128
123634381157245
134175109937676
243155455891771
1446714298887995
438043626323013
188317374535795
259704014154905
173895052670315
110739702344985
293553354041019
238163392970606
395720687138651
424570644311374
840129679339606
142489865808918
243546512333467
134778859925917
150336441057
126041634213453
887350151289748
416326141774888
1503432846571431
612643528780285
154815204586569
179639915546172
420661674622373
201255786616824
139315906085858
206806576031286
175417325920363
548602348529589
199566490096880
572753712772343
374168679332912
113594548846042
589714064403901
570500399705114
398202636973420
464194140277313
1469543209952865
780517072007280
342371645893918
161642037275822
531897730239900
441936182609082
224775680868136
138717872880745
322082737865156
118279498194504
215806777326
112067128946744
386916994791239
159844200852104
244603298964430
306677972708629
629994353687879
220910774628608
197126960310925
701388103213916
1422811404646821
333857510136934
640307006031395
562772300486631
187791264592700
419826568073834
169980609694805
643126755734511
555544911145641
225631910797501
142061369158107
339283799514017
104757976359281
737516686293504
228578020487859
168020653397713
238384762839301
237244293102494
267555803418145
465607516845852
207025059377147
1484316431789991
214450441901106
638616886210789
148173275257804
139895462875790
173101199456392
430199333758626
287812898020026
174543776030831
215169655204434
532231233540266
312657618815951
661545937269808
771600269570065
158676677517981
406923676013436
201758479874591
200886666763916
152931424898429
210806672326770
577892465584539
192280817538824
384026181636464
843629155655150
390178977735951
265354536818385
135838693253813
144812758943596
188431571321730
217822751620928
418660614843236
229070560635686
161283284076646
1450539815175045
453806784697503
470258763031131
214410362028966
783626254995903
723393001057663
130672607023795
204868756244552
131114143628508
166996486792557
294862450678976
390618371030993
428403350565722
176873375745996
383389721792877
150411295096364
124265207603655
438104359543533
444534615621056
252112104983850
1426529954258936
199353543418403
1402238480034598
600279006667692
175588292594891
200440680161036
253222731545291
331461300347474
435027616545756
273219232873270
1473511122892384
540787499267736
175852475792762
163384630509649
196332910390476
181880401946864
540575125986445
135333639880149
104050826405030
514123502008045
290370584435249
217064935108469
510560862294796
284056925074988
455984301118632
531825423545556
477743932314054
539624466055259
270616133055699
131693746998882
465930980154905
101539723388022
217150791766081
365681533540445
205293286325229
285952318151422
498857506846114
764919533546946
457119711037774
169600536530386
620294454736473
333191973455631
465971813462118
492083144147671
138218816366223
745067435573638
188286167865938
852214834802701
255978794507033
196220893780583
382804231816592
318639371552655
252181928213736
680239768655710
382351371836506
142316852632790
174902105955371
178274982319792
115840321788172
464507316938217
476380822492801
1615644275328465
553987597971455
202276736494777
126441187516659
441744535878957
168619086637680
456916394404345
204041409001
126063464240566
182553031914630
585612454787086
541046549274729
410449715738029
201504273318462
388226711243688
281818085277361
227430363963254
543802005687981
214150285449172
610763575603299
163596933676743
508735799240841
560434684002959
431820353551627
139415459490948
507047822748725
474526179244724
265897406768264
1457558064490120
195609273796621
115445988620588
209426759152363
272176146283409
317545501727523
147446588653711
327192734093931
173782892795709
109378755830674
212862665402118
229753167178596
141700506841
227357547475063
474300142686865
1413871852211314
152290498177524
407325442622327
264658300305987
735472639828286
270763919728312
172173726164254
462765593757880
127089620795843
728813800515565
198903550281124
599660420085392
416825145062266
466523790027061
259866367358882
435680269818419
193247090724574
116957778499435
1592331564324700
391772390987413
435806883116889
153813731452746
149661768432657
163342050541499
1378310339063386
318694355143
100520256704002
376831529032530
1574320979459116
112603318756394
527638177342739
122923314510055
209012835884826
463940016985864
123630409193
247334648691879
249207485100184
246640172060776
421375181316182
660679010631457
266554690077318
293933543977969
148962808456426
118935014862567
241849919179841
269857453056630
241606292594438
179951618820987
109009152481684
262183285905
204366899619708
392247484212859
249027928530989
827587180590959
234157876664651
105800616187175
610645542341495
279631168726409
155066894645472
1424166464506075
199275886911055
617334608356072
182782578433842
1416578968553644
488518081244966
368674633231916
583571341677949
161988897202421
455522804517989
129264717118737
423509027753992
438201696272646
437407846294859
582681788416361
372990682719173
199137076826418
728787153875982
205781282788895
196186573855119
212289762168911
398311480250324
216401408392336
126255344142035
253757754787237
177574825630372
1550081958539255
185568901497857
170507256490745
295421173917447
163686100449811
440553299349924
1505592796373334
144631979068773
117756478405360
543648592448699
133922856681031
116158711796173
458251307579871
176906805670630
166902703420280
303789822991804
606718416049320
183415271691947
494100984045033
532678966775672
470944353027206
167954119920292
478405745515529
229001720600406
256267841162603
125206154255386
306734919420682
237791319698305
256710314401832
231452003821
194133053984235
482693915094231
311608655640661
399979023404873
260614934142576
278405402177741
1447920315447240
351338164996916
248445568578175
213996252001482
511727955558432
