442117142512001
249433051741550
401283069897168
363180340428608
184273115108784
667872266617648
135375923198053
233857406764995
134432723290000
291151777690664
496769250459312
180240288833901
1518804831695781
254659474636464
146103625423673
206793442670424
173359859473409
260590107345029
154976998042564
367997299976484
752361081443558
658635694154900
141457399330135
362589303874414
396167797154810
562181173854853
145502345641900
1437652559838581
408532652528225
118388288268160
140818409327242
128376127359356
486836301403292
1419376081666094
463851366978860
180038798703535
139361279591021
292977277380470
105417572951135
522061021182501
244802645690809
1422979597962435
153524458174811
479954328784223
655617634456282
380944381955135
161258843913908
402161866566834
411048305625183
173761009328557
110995168972925
259260174108511
534888996601838
608006992572092
559272144113856
411355318941776
159910374067690
380709628715089
116672858044
226120660868378
586556584709410
203335953154812
391178417669852
253392684745403
447197301997027
383740024988837
203953116298955
112337913613
174976892556294
246335162142597
301281873362839
271053343057166
175502555866717
338778256135984
420532987956881
795117350528347
302263886459765
286709278163249
524168807642799
363634693660975
334277823285976
487557124643293
205307902816336
302486189926281
172616376125708
426720977433322
186603711495872
400526190044090
353308444803991
538578119540281
798446896886955
552920011490688
167850933231096
125244430924316
613106532055051
629812607037517
594627053911914
128601987313078
1443586235852914
199570620062019
474095049360811
398911673475619
603539836357454
153446248084349
345898748860271
114237345318947
194516157396484
585188154864626
340454562706339
311856095639429
113063702192076
435545016508705
315256575206090
204472116301949
619856911360950
439931922795150
167559556756514
469856783088916
358763874235555
688657384532964
332318233580654
195975787085908
614161785267551
411768025532524
504154336261661
186506738179331
192130140812445
155313091304164
524403524353242
271790492921575
103770009701080
584807651565654
205195586302106
166137110077305
133489786676680
140369392792935
130740453693180
394353680699294
581808968503748
1405120299746017
157663594397623
364772706948991
250090695052491
516655571720188
515169805184377
432398226822912
183268708499490
454321424655039
1383984675146249
533920976638194
622271664449790
427076144056937
408172899302505
131229453614416
122929024549904
146160598906317
512503748798157
155365714641447
221118121399775
438909469561224
250596198379214
199967393460542
567079986637469
524319727578903
400054233362742
146187768787487
1378367712385667
117542371650535
326003574199
362716980441630
171833362910622
196916510463329
241993019163113
342344072586704
179390545518815
400277610080947
118820224973230
443288655761899
261179330593738
562292387138688
354451408008791
290376414356838
117244825020841
278078012291919
187453581291597
458428887618223
519146604860478
425982190784052
248324935217522
337626336324553
290105267823673
339197189507126
340953619248389
461435137247714
137804089614020
409404702468667
487883261270454
330809760322636
306269436219254
229911703808695
356635357807889
574767549217714
321818881178507
385656558241030
161728917309864
208725029145357
236787873021961
414149791933229
1442352039342629
1548469572033177
235543696463178
492245387527795
198457386945059
173220926060587
275394592846
549834868416793
167545206659133
1414330388781881
257101494411352
243626515723041
516436568416144
191728557538149
459679254122214
192660207454369
421300291342635
661747070507943
220710417955976
544500398902783
237521459608762
214815382048082
209665622516391
156689894444585
202850703175105
203486973115625
100681446677108
136502283056779
556029927751660
244985242275789
124905001000946
175935615820445
460639817361506
485188994884141
255504894500783
378890848896424
458095010934416
272356069532343
607682832626383
229146750439041
246029358742005
128866383983
403350086454925
838251566191580
682278341816015
197565763595186
253000514775321
298149390317562
491226390948929
245223655507633
178880975582999
442886305723361
624475897564667
201407323322958
399763076783303
112157122288292
231840606852435
562359960492456
1439924466263194
141245735991398
1443052992621404
122318207920571
694887047245868
1442846182618843
285777241575675
713900025361045
201069293246099
271992886202224
174436282653258
599472120084074
825333047480043
254233114615634
127062340785580
187633427933343
196902380471145
169299433126237
151183940154
219079228117091
230631803624075
322167994598466
218986738166375
610338579063337
138866056193860
241588696029873
291116340915572
157804537682555
1417114165212001
187976318079254
175075685599
188306641213828
586747561376762
199519080086676
168012043254907
525598780797062
447737765260166
1480817512201469
233617283505352
1473234782902506
291354100968234
1407338429522776
1429396207371549
161014880741914
560336617426607
300935370003835
188976107893999
143682998978034
1401277826810425
112553082163412
185240708178125
198248787010282
1476996809180216
278350788970913
534160003357859
409404999095398
1375750892705240
177050995690423
378324798909732
198494817010798
181160641937074
1476712935903699
294654027249461
167055030002455
246281615555776
156594457865263
1411530729065492
163064567191963
706938589393314
140037639407682
554266131306100
565383580198020
134988529864613
179583865453411
265353730200969
449814005080694
509628382502526
478922875527633
207130412744261
419630998144632
120364271459984
192387394168906
144228822415267
437432269689221
318728158167625
217346751667280
219629734852753
176069575877708
492101780871209
333045860122519
524095817627898
1386802291531978
220130448010427
171280812916730
382412778488130
351240288302706
485666158135192
596300933762338
598604953504639
156854331154293
484904921564985
144730612395468
114800505336469
124031401054173
348763285170104
596479593707590
218522534961403
508008179275331
472663182758576
384084191657019
301287986662844
621461287936116
332773356845856
176760389113659
1463518197215185
132195576883134
163623327155480
379331088813876
250771845066231
331078090246156
112886708805335
547732865270070
277122245725959
1468378970045646
102462093189600
178026352230217
103380813146824
129114353949583
157554761031108
191976447500974
812940068750620
296026713909833
1045889078769958
364816256920034
1450881685179613
140335709412922
167790033418248
281181082056446
368527446549076
318284344943665
794296327299141
398624730170461
1551920895064740
170568579669900
405849372774270
462965847074448
237855716288996
448441608512118
173972361881
364301100368606
1390238084576159
187935574708767
804060452988083
224257767730538
525815370863216
728930040480881
205879839440569
259638860746899
333352426720718
262132120602207
1591478777733664
329363653823429
528608873857853
365927716778632
103564623099339
933952163297360
198259200376308
1433496663547556
534290069960210
407306472732407
112127555504536
276006122477705
261658690618046
596018237087713
171716443002283
281077721936747
433399326755997
126933920661869
761685387191313
620564134658076
118840761524651
293684264116236
526100337469771
135901453148018
270578256289534
371408729577277
704233222993021
507652605924875
201012683244609
175110392693476
358405080911961
606390126044633
480810195313938
468186449945568
175020734946
467589413291939
548960755156831
233472293367263
201668773264371
519789194720422
296661023761893
1445205369033828
491760377557001
785598574805277
446885662031802
346478822148406
463035380489405
164167107065276
540875586002475
249796335169954
387923767890475
601809416511284
256644721085632
379289372115502
259996154093617
404246462979839
1393138444234380
556768777693306
257781157679895
218238467660
234298953354166
546766182013326
352688738226799
123808851131775
400457776695351
679918508696710
369391053198250
271783032922651
735508153135505
176772825843432
252357464849916
113369195477855
244881088881641
470376323042103
1559640067581588
277464012310214
1383845385185699
207267852663943
465116666891777
180109405881
115471398528646
416781661731088
139624776093433
472925442768836
195728160459852
336837896426824
247952795388673
309325259274637
798938870162817
415416445166939
262768183866978
753279874756241
1410819132481248
174715605895800
135299396540752
100772966672235
203810736345002
153418051392545
140176042716356
136421426420315
142078609336408
307639219364753
112293575471668
125679287486636
511627872263100
239820489365762
1423055217906112
138235413052506
532961816762815
213014248713675
185825378134584
502271133133200
162282873932948
686187771439916
293394974143985
574572359221488
1574985029389933
1474061669549563
169580293089871
478301852278697
321407807941148
758039564255787
314531178641495
92398356032
219571574759036
215389801918543
345495622292729
1416522728577860
620071058023563
224659607637312
1425225237710470
802962336419265
169939393020473
173349306098193
418561998279573
472330869448988
537077293032154
174920022711947
170121509855697
140704812659932
247621708729234
325702887460936
333284573453215
320548888054440
699148973466612
463426810408182
1376222425979823
1421645554726084
195402193841232
256308787864046
148339621918059
327893573959318
228607770639833
173803852820930
348913898550134
140921912741398
214253148733490
228987433922264
1481567992077731
115132788567568
115191791986196
316311048454194
117785915035514
282400674883
235551899944607
697007687025815
175052212701621
644444852234270
237422499729835
703911266324566
175515099163061
1433842753541478
501580293188254
654350524646135
313035725507675
151398751597805
469977879694226
584868788211068
325752757577162
226854034096658
210593499051368
274491552756883
121932414666226
146863095522824
221912124635028
679748988722255
119633111539757
128253570662282
1419044451648914
236495819874180
175887762562913
580054545364783
238764829575731
438980982831434
437373176315341
745305895500532
290306714390700
148700728477344
233516613381857
194420157256473
122192311242687
628955520496563
647835908580801
406797849385937
435548889843466
712029228843200
418940521555197
320192044797818
1410393922590700
312841478770477
383931238306751
607042356061826
152746798135041
219119461548788
152306838208063
437049496334424
177328249072309
536671803130852
607445765933833
325028154261469
465935006762894
206762016050890
300847316603117
174949829226746
138833269535772
199789886715334
122091467846225
106024776094029
177591178917824
409242739215920
284998201530897
538299669560277
559131777438109
277166375693748
549148928508425
184065611642701
277530925735184
257578817589660
395079767188116
576039975862003
160513774026321
289753417735912
164480346950223
356066481116382
244862395670837
137012496315463
211538913816
179769248864600
1512319799004380
214326378636076
171425163033591
178709765580445
309443362454691
121537307960133
187567161267500
218061178370952
113464435482190
195010030622839
637455732979586
388015254657597
218160651687466
806828035999365
246397795374418
1460270314199945
121550674590173
194610233900710
162368013887349
137737159765338
184176678319306
741028475969346
537692653010208
538634349488603
159671617416609
143081049197250
284135611783025
445311602228843
154612864622778
711383202222606
337957493020279
236387459892082
567395566612654
380021635376214
729381767094187
121026314598844
136339656430397
538226789568011
317655091666710
116099168466638
1399499186928984
470471376334551
489527034455217
423335977754011
626612140699718
334570356679759
408705025812509
1597822923764623
126166104244904
111458742262395
142321779284032
240383682785399
538340289587952
217143981801814
378380675517039
163488213838980
144446795607442
497306307070365
524426327592398
576662529053054
152986051429520
315472778568625
470996846285388
480369162023599
193841177421360
559914887386099
442774689126428
276663607120
188554121208184
295214963970561
618918658148308
103267123089742
219995204843521
758355527536740
371838262937
917289128285825
529949223748585
604950746196910
179378438773176
217626524919671
220963067919068
185522991608563
137903196377853
764152413626375
116647298402422
195114380518290
491563777624050
291386100958827
334453643306596
433859373347100
267956033321729
108760552503949
625308044175834
653808314631217
103677726376168
194711317224423
230100697101808
161820527315149
478696075528324
469648649770543
268970976472830
175451239299378
361540400628625
245988132225577
246876448706505
420959774654220
164598040397717
286565371391404
217013531654294
327523184040574
123606377715903
546521808749192
612342668885447
311222385732333
350791925064497
594531580561470
318465424883534
308216085857010
358766267575590
105426612834824
1544845132418523
481854761878959
592912774164742
178004792244864
352840348123201
494287450609067
218589644933714
1408881966044084
147081718668623
577896822239428
143442502517268
353819224797646
126965730650299
133548696818667
399013946794127
100786763335137
149007188521937
490628414414047
363556493783696
222378737786717
222855801216976
104898872959935
273626135454
543178859097651
485968424824806
335858779806005
123584964390589
188116411224762
143893412330287
319788798137889
148594991866841
116018318483951
585024868195315
100898006665302
116187011794007
122371651134843
470369119687837
313607848697216
211784698848922
193338764023734
248578141838999
732246630168441
240448929361402
244777725645902
369268939851713
507798879235921
1376076745952306
134240049981281
258153154201851
667691929933230
537900469580391
1426878770863661
202929949891163
268126719958971
515827538483235
361397370547548
181540025374197
406090949452883
243782622338758
414916885301547
319809161495438
570192409676511
475800425844095
454843457972010
598197846891541
714316821953671
186164148147331
150389405099647
186357324900823
244017645627824
358295727525953
614252578636055
122365604493886
776797029045473
595258510497235
1393479537576853
179972135379395
105173706273264
262777663923046
126298477393475
371716196288773
123697081134276
150922488435942
558097314245851
118142318300859
546992615366639
387165141420950
320732778033099
188648391183731
144584628912568
129636510107
883804498315597
178171475555162
144927902247727
507942115916770
450520171700827
105915342915399
116231338455564
530501243664100
122279844638440
382477001890631
140228432780898
411863518959102
703184546415688
232153690278740
741267425899774
496255963754507
161511717368331
180826322091002
429368643831486
135887299811115
286699628134706
1426738014260465
382337725212456
105616696234671
226150040848736
135826866500636
361411507226303
633801346692284
568281026543445
735095119864827
366293683472022
112391688835205
221170924563598
253179814693839
341438399258564
144807588922421
324197194329309
178625082317037
232533810113393
250268898473183
266119623430405
205669299535089
372755872858673
200522426648626
211454289020072
250735288278164
436773596346684
463088430427658
449870815081868
164402176945881
500664093322663
481811348627191
139989052733653
242350832619659
130696617035986
247616835359223
310827652336738
699505500105266
189508789852
187681587916552
180365525340738
258991634277648
1417108965172638
472190026132515
533325290049182
137476222990580
109378722483266
325506150926806
1413247548909663
1485313541706473
175470172625983
791160770894025
329753983833153
407102106082697
672681806135462
597008387000315
399650040143647
360670574101314
482616731779763
800996193275142
148911435170152
200142806744144
108552499263154
128952157170706
190625384299316
129719320568444
565243356871918
393839857342037
438701582933690
798616656856014
114484702033775
187686384726911
1379882628957352
375029212625183
560159924018697
1495297857370637
159574177566765
733063033454161
665862136765088
286917358112616
389307914512318
101980063293274
588367794584890
1555788184667474
163706333825183
454148017950162
206108476082868
163197277087712
458069704226095
397631143665647
136130243234268
164981113708977
356893047746099
522662987773131
111495228940334
