799480706748737
206858232698286
298237097826
479192938884173
182552591886240
491226924273286
195055400617903
165708576923740
286915271512338
672495926095031
625273774182214
171143013039292
448634098508854
187459344597430
1450318981893977
157470797603314
599542413420156
189751534390152
640217339386640
128527260599539
273316266031095
173447379495539
111305045631348
330681810359578
180733365453850
509474675772128
166976920114032
107781782640681
136248476446099
498948170230675
231715170196272
325855897463497
114182068656197
317308565036006
294973563898570
453129614709686
159531827574678
298069860333285
287080154788757
330001140390052
188915104579839
1456878794568222
711529548862666
292692667438416
419782811398030
721776071186220
130749376944387
190781567764135
106575749425102
109830225837734
513868262032844
314587038595013
265366293661860
204797682901125
158257424226969
502814336448022
145882902270502
195469797140694
435582856501013
162080490648979
755684284494100
785754741476596
148804388577976
183080401724498
373115436135701
355208511222817
193542600670004
283733945075200
263616053763236
142185349188344
271516539632306
1521228661429544
1521008538121284
1548910098670237
141579832568793
109199135819160
466927113418221
746133342109646
138352692907282
440085229369364
368547606593882
1403559976528286
382182951916915
112316662282728
593437470718920
304844099576910
135368683179455
523454474358291
602134803201913
526451564113198
193325670759347
399264380089885
130269440498995
601525579884827
311966905567521
528021633937919
1497461730465850
252241828203119
649668471713676
711962992179183
161905837210546
167413426648897
190992941040895
444842328965335
155574011305523
357689147638977
494752857322406
136479443153469
727952023894409
127435587328768
240328706140285
278504808861401
328534833969772
660832340615404
387204041406062
324520674315
163874747145087
131474940200526
288146934716701
488722194475382
244898808953964
185320814847630
117263635018255
387115428086335
205601072797799
174522682601837
559018050814618
142077359198800
128202137215360
159775447541890
126268374198948
356666364496375
293695960731971
147329345331249
1537544496489987
392344380829685
118479594894553
670250239755276
447070032061514
490771694271186
155697687020
224022197736406
286075501490117
214247528722015
144899125704121
491626810933677
1406867846199298
458492494201015
272379546124803
121953571249096
648844335163408
594683543884048
239682196176677
446205908789980
113554638721697
354037404700408
815201175234215
575222555821931
377271682351604
259954610805734
171237426406180
249494961748760
729133750482645
169068133259251
220793167985045
166699523375729
203242273027809
590384547666463
243258492470410
623288481014609
307992209337639
517473565046783
1457931877771818
892422970797746
894271120584794
894297430581398
896078910416949
897254716976169
898277226859643
563829040336616
114368408639042
397520947022186
354195614628268
191747924311846
504643922922766
632226040144259
889319697769198
889893704369768
408652345812065
112762035511277
690007151014331
352197831494408
552817764749432
1375268596040511
439885042799330
1375494179342903
274405492748605
356004234543234
215615108472024
462732077169282
890140351013319
688969314448831
112843778748726
265442330230590
133200880108304
386854781406166
815969618425580
135366319810032
296625740435123
588216451223547
143503558996607
654213087955538
121448001368920
337917282975971
392585950843668
829391383747040
733983203305278
732317146839430
523404141052204
188668344540340
141290859401424
117977058371480
304163309683965
364616856923921
205716289448098
377249285392
187208514678521
329852933778218
322510154472577
140528376047406
129563667100014
244900928952240
441863532612963
371824229553388
246147782228845
223082481226483
433012530123996
203646962983232
546317778737221
135705163299384
589948507707870
355126621281415
202128693202292
175644275814009
702458896437186
225954324279081
238820009541377
148666268528776
476014309093530
486741658111834
485515774826697
103084363154658
325057904297185
1415825435299293
504055529631136
1376671862582544
188853291193706
1453689141578652
114656188619627
1511198529108592
213226968851566
499907940022024
1434724170138819
1527137377531130
622771351089134
344148018993861
589266367806370
668666923154154
701213593263882
286850781476016
406911572758550
198791150147833
463975883683081
277722025050
125656544243127
342429655809071
242888452407685
275915758386
434609249963023
138824769551811
156649091015796
633507906718414
596876647035995
201575959952839
102990033157116
517939618266049
136555153046097
187009641335971
400110763376940
201456520027798
166127906927295
173137559404967
176280325909
604799589540612
174376112608684
466473733473442
104927666262948
177550149109059
520093948025957
569016249814051
244995915631004
219193808174904
795262803828507
369618273158132
679842682101973
196754460496181
317119085004195
128500170573133
625558397463381
880301865353956
581319281958691
415687261811612
543565525763364
1403134079954342
172712842893056
727330983983037
119445844162
309394105744991
373975559332596
318889898138276
155815514470830
401077466616892
671102852900109
471850709524374
612776792110612
788057667923169
361283913899032
720977064599219
284006485054269
190535554482716
663302180347854
162044623810462
233298420063150
101974719974344
603287389721609
678905612182060
498743100175209
507324982670954
336069469863291
649196528456646
344865135557208
238406446312293
104293146332032
479636702090604
827333503978097
196495600542915
503866962978203
218116045047735
258069897642073
435476276523543
154193028004955
676914938997093
114110605347624
146903422036888
404179736358315
164874493567777
184084198343666
131868940295265
206785299365635
524216800935595
438709766304247
194368600621766
578733128835898
143289415878899
658942974123490
203318883177883
589853177744229
194853793863638
150862645090855
169210193271634
358297914192236
1413043445608082
514365015322477
144630912367792
223002924507847
605422589576486
178881415610874
850024891680678
111613172245786
407808186020832
271095359662484
154801278060355
228755083802429
175619202618209
149899815084715
288695971150178
169259953124502
438914339533784
246792292076634
360562050623347
485731681486271
464289986982170
1393154827624886
145568702232230
450379764990097
190403080992526
409260235872414
189224114443212
458992724176468
291924264229263
595541813819498
219560118215911
1440529302849149
188496274629207
210339228982871
559835370717442
1383863265165451
125600794268120
354318847986374
231647083626930
649263791849765
414961531930386
1496908140562896
418530864920994
568093629908911
162078610624751
596158540406667
561692813872560
460134354065935
351116974958234
198073843664539
147103532010695
135118446572131
119048381466269
194838657202609
136824326515280
444776845613955
1514326305454517
247405092130492
148344658572500
359498630804006
149315358570394
142714375921951
1588782198017146
155748987964731
494036903976623
199155253442369
161182860665996
185517501486094
338905729560147
377316999071869
319505978084068
157446077663062
260546974390
128357900521402
289120081201052
167956696734285
204145569744590
553408951412687
156974134380471
535331356613624
130574713803512
165910123588347
150558531784919
214083668707266
237957343073234
124764257681997
278869712305434
449531458512451
492583294109854
173408739409879
318706038265974
556508167761636
375686919197957
173802705996717
187820741237349
153246421398606
211149678902448
515701701791146
314339478723043
489703334474782
107351685981038
297567533588557
1415872328666145
212519755456572
212049708952053
731255853585705
340219779387729
152853278069099
370763799674012
423476234352531
308518039287993
478996225445315
141442832585633
383388351784586
100709476744329
159945374063210
388385304579138
441538842576060
114674401945174
150470641673085
105787612829225
231454820393221
658330527547863
512661165493225
677390385629665
223265807875052
338451517643
174010895976148
487846801246470
110918709003990
272481826239897
717405158323532
188859331154287
1451017958458001
305041442991950
559628850779128
249174051763691
731420080225803
139601149448476
214157371961432
351103688270136
555801994526935
670141186340658
1418138558398621
179319263837
243597932328139
293625710842659
326680114124591
632416780119094
1442865159324928
671258579551265
1500491326847987
171967339483089
267118056736566
507872445964103
1436213566608765
251755401663627
169157653103712
114193175375851
245040882254775
144418745573908
295366500574643
112858235580793
349408845099895
1453101948265628
727446050641700
556038134425413
251425156192
542937555725789
423371197770447
388794424549592
497930343594717
519588808124689
241753279211219
457333721023756
572173792860229
649073411776600
198498940179339
170205636361904
168057869939616
10150101231525525
426368177450637
1387821448124909
549073301814680
226935930800918
172885149406988
364498450278291
174305696028389
310136562340443
590790847648519
227599087447138
242800099208047
442866779086672
220679634773253
475467112497400
140096422827213
538983519543582
122793161153899
265385523599561
485968478209773
375750505894874
1410436225842563
260956757433190
184010658317438
429937893739006
403450056359330
479398435529874
381608351973941
148608835205790
689471267758823
624616634254394
192896744196438
240761162789480
1432289323698514
175029542510304
638685489494425
342081129231577
653383758007273
216919665079584
116024991883854
222034244582709
147684898624452
126227950771142
189664694530145
221681817859194
119527968074401
101748446595114
611277685616999
351141791653035
563030973762395
130863886936790
156320287765354
182651601790283
552828394738004
308600459186656
159185997599365
442839495793858
565515570179319
260315150753903
244329539087861
681666461866688
286910441451000
253043918232338
440246292755353
552498698157814
355031031201843
342356262501979
337574509724674
430486990349359
430490920324203
430499423663887
430614497071065
430615560357170
430650013672131
430688483695068
430791373663017
430795240333949
430973590369222
430978856979948
431117516946823
431129233707595
431144670303131
431155643639331
431181046957848
431210530354236
431270326970074
431324453550624
431411793653481
431447546902736
431485480203353
431515653545944
431562323555339
431682650236887
431708020250970
431857886901227
431913463564329
432003430204338
432063286895407
432161253539737
432167576911127
432211353466467
432226406865396
432335686870974
432400493511396
432430200184634
432473286819506
432665423456811
432762266772933
432943886833450
432954386751529
432996493475893
438960919463463
439013246177031
439035866226142
439089732779942
439182552788880
439241602839457
439349976177367
439382659444430
439409909433436
439465676157191
439468146168830
439569106100845
439651442743167
439723952717308
439793306045161
439812602815774
439847719428728
439934492686538
439960059481700
439998566055542
440023646087398
440094559413274
440098862707858
440120702696840
440204269350901
440221929356049
440327479405845
440357909373054
440420742698877
440429359304086
440471236065207
440507672675760
440638879380608
440671622706782
440871119338605
440945522688227
440991219370148
441085495929473
441117955953636
441128335982719
441170015944546
441197669325855
441209902679381
441457665966337
441517782614914
441550029231177
441561412573526
425379330868049
425394660828424
425500310816560
425524014200702
425591534155650
425712150908146
425731887498594
425785424210214
425828004115052
425936904219346
425965604149336
425998707491252
426210070747276
426247124163397
426340674125933
426360497489884
426405130733532
426456944121336
426516367383682
426665854043522
426689914099665
426707274122277
426804197410282
426885297331569
426952177366213
427142953990361
427203473974473
427267177368412
427272100716721
427299607403685
427309837299639
427399290737775
427418584003377
427427957397377
427501403996333
427545857305021
427554450686430
427623813992827
427633773958201
427665113910899
422733864522538
422778617750112
422781994443912
422928247768505
422933231127842
422974441118141
423091587809810
423113987825033
423123994442357
423179514458659
423202417787974
423212904454554
423222821154552
423297934436073
516240598484187
423546877801410
423675937760588
423725577641177
423970071043926
424005544278809
424078237682549
424091877622237
424255670982553
424301287593930
424333520931707
424580447656652
424580844325316
424590807685640
424596164298139
424728291000966
424853550899624
424861520964179
424871207601728
422364004479614
422491964530286
422495674474374
425060354204048
425188854207586
416412698499624
416415638380523
416426535070441
419361784825138
497604920306610
497654403615540
497676463624435
497794580298431
497845580279910
497882023616525
497935773634188
497937753577311
497938740240949
498050550255970
498323150182574
498371790223513
498377573611668
498394076864146
498420596872167
498558890194678
498612506931689
498710383556630
498745620269333
498785070151219
498840910195612
498849896876239
498867636846797
498881706895901
498960050142041
498976383533111
498998340246726
499028290210040
499087480196599
499173850134264
499175660202220
499200933482718
499214140147732
499226983431427
499254433492872
499363716801939
499390316787722
499508520099115
499531223421826
499542230148706
499557533428244
499658373392891
499721800140684
499747533451193
499796453410419
499803693420277
499895893389821
570107243043170
676929368987763
1429899470617001
111660258913821
426639480685847
211988682246124
328329704553
513555168673856
500048660111841
500049416741931
500054570091654
500069846697113
500233466671185
500281030089347
500284556746548
500357596700883
500505303388071
500572523344014
500614426732495
500619386678150
501363786576099
501563003280478
501563213255964
501567806559637
501662713183818
501681419868269
501681549891610
501845613204179
501884096594860
501907433209013
501943579833741
502060496540691
502069753256209
502100379829642
502115126525783
502158186528994
502267853117116
502467399843486
502565023107861
502609766417407
502683216434852
502730139806006
503011823119822
503100486394893
503120059772654
503142069800245
503248776427575
503370726472493
503532103124347
503534849792719
503608233035443
503608373064147
503628253100203
503663226392857
503747419673864
503781633037402
503916342964225
503951206283438
178677902292003
504072752938585
504106936354798
504131572980182
504143029608313
504158466297442
504161626352737
504162402952318
504270739695075
504286923051464
505152186211614
505233922828937
505247949584882
505255216177777
505264262896387
505282059590215
505428832803937
505608986164471
505694599537804
505817272827600
505819139503981
505914899464341
505959746101465
506011099422630
506052632874599
506060356132308
506141069413579
506178522747313
506310716100518
506394912704144
506423122748663
506447576065773
506458786076210
506558372710474
506591436020010
506602856049347
506627442722892
506635939391154
506754166074824
506764876113692
506766256064231
506772156117265
507065676089787
507145699394754
507185155985053
507238332658215
507401859345073
507425169343351
507466525977300
507522709329509
507540316018610
507542676039895
507598269314324
507759192616551
507774105996291
507788006015680
507788772636950
507920185957859
508033665879822
496682480387003
496762077049331
496802740424486
496961120435219
496967927024404
497015770360477
497077813712040
497082050304309
497101563733450
497168117010526
497216643624631
497301687041617
497351923712925
497398833694687
497429287008106
497443243625185
497445020347107
497459250319530
500795903366417
500862213316207
500978849994655
501223213258172
501327016569806
501341503236915
504651836295722
504816286274078
504864832908165
505035736267378
505062032873722
508050819273335
508088599252154
508163722604950
508219882542491
504542569594883
504564249639582
504601512911404
500720566613355
475039325895044
475088112609112
475176162624830
475225309221535
475317012510676
475369725937473
475395649137875
475463895856853
