302955389860535
231371140395894
267554430060335
145067525565039
154646841274651
370328513138355
265761760102466
657563234319892
340601489425095
370727123017867
427091794009755
548332381932117
193931704092260
119763008169878
421812254573056
242238765834326
441450362540355
638641482922363
479378942188511
258203960867305
158845894157605
404449752999607
320325154753701
112630575533142
183583991771867
235819386463262
428987813820063
159907244254
653945241394632
610023872370752
144437888961315
163684057047364
400783306654214
1377773709137991
305382919554324
800116013345881
118307991573396
112892932200070
326715070157
150465048483398
155372657981425
196341810490135
633075166707555
186021814925048
387793728066041
791459784232142
147919565257329
232680710156485
215696181946796
225326234308118
302731666437086
538376126254723
145215095577932
135784659965069
144531905659048
332119690149974
177943119047285
228465357269295
382992225076285
604008869629001
134231250002939
633035583408792
476448832475886
471290562958178
438641989510187
633901963367544
149247291801878
221909661198566
116802645067963
1416754328554934
199219826810490
172623909462983
1511017089151615
164426393745468
398543000231907
111870068824849
1382815341968561
337783582938210
201312440034348
249615831813292
225539850885016
125595810887610
413655165343280
325011377640911
555686547791225
309850975788610
752198101470952
