315640708536097
355309221188003
156569697736421
326713840858595
407440659310924
217601194953263
288475131165506
147349185321619
385916844891375
1520135514940089
477467175653902
517128711631101
326183507461118
130956816960599
194297103941549
136540386413473
148812645147251
205759759461916
539743436103856
153471294819500
325354284295059
223674054338376
206911755985867
468905773146200
647446115314539
601366219912343
607249049326174
112274502183100
671847236219371
472947916092504
1416679301935931
212615468911340
166915483975
291163871018697
175731662497105
212943488744789
492036154226283
230554193785850
109118019175856
1479035372384495
175856695943631
259669357379166
141715099263203
1470946853124035
521090087906103
547562341963117
612071112152840
186919344682153
347878595299140
197841513746924
1438522696364197
454777054582224
323535754458973
1384477208447820
433352203374309
314532651925776
667625116590772
144868165682841
356680667767873
276320719196128
564337127026815
779161675442638
486615718038006
183159128445149
159502617449647
111280675631660
208208969201216
170412466312308
470486319762374
1394640050813057
456333657764080
288460157976974
112498018944688
344026132348703
642313415799013
206344582902978
194127637296933
130960300253369
137201379706178
113359105416360
191312020982613
222499144433365
359998704126406
225510767640325
1486594151570315
672232436120373
252537754797721
602164066536300
300761586622552
268759249869211
675999569079067
262564070579020
667062096706642
391794127590718
628068320590759
659490247419246
113962601981539
438555909494233
249539695212909
202443769928785
461510540568564
464249993705127
699546556724138
178139569052254
171200803007799
329611687221356
163410933849067
583080958463038
386301064804045
413258192121868
661171270644348
550784191650778
172100772959549
141976955879705
141945222558032
593669304061117
204105709645510
403012579784741
538903366143943
257855427561696
189428664447843
152525441482473
245483678860755
207733406076042
275587579158607
609372922436554
698584696828077
210745915604955
254157344594471
410583379064520
1423677341197214
230668273656668
584576051640575
276896392495502
371262696232148
380297514600
561082610587735
129245437165649
376781085798506
158822970970898
321386314579475
193249864021333
157699724287082
252786478092250
313729252084918
585746744829896
430721953689970
119059318110351
191645184188859
376205755846972
380460135341269
700930646600238
568775429836353
259571294795
179203328895497
185788738110863
1504709859756867
281665255345501
390828824262708
1429243147341005
332973460096869
254466207914473
506876519422416
147093478725065
524962100875129
445258138821933
430963977014054
410271099086136
155526961169902
154541424697431
189632447787028
1500994353453952
422862837823267
136742539848374
1441412079414021
115654105243424
344968045584378
526249074171857
708642195833680
572185742842493
460004454051450
328009307328168
717373881617938
430196757043773
685626754797426
617640284931991
518890404787818
253703741441444
196190857125902
338666949504358
676952405733727
1523130981276539
221767204628081
355118157952433
111124365702822
395626953835441
139950126192224
491132354307245
1424018784489249
123685181119353
400696029991784
218497761604741
349911838392833
203893866296130
159370490924594
438899179468545
151235511692717
164265373749483
433448966745923
201976889962528
123422037866230
216035621858780
301312813306496
134925193341375
195856983798205
633862183293581
482986065099683
469062243177709
232706726871089
428365917231121
226435104050072
182825081830107
296874843755072
110744752407043
576454369052412
601971339819923
581917308493091
742782682403967
375286639200256
484368838298241
268157236642362
364502966998657
206651812680213
287372698031331
555969497781283
1450649018502110
422871664427659
350937591720386
152330831557306
109098935890419
394219223969661
371908596226932
135192886648023
273761606058662
403837226341097
416086335172444
1397715560444080
130064230496196
489277401137659
367551159991860
251420174982030
238763882950241
306917156057401
607902762583918
533438050024746
543416762376761
145376658998334
259096294126259
126857414170120
438906949509821
144327892286137
410243789058365
691592874232076
371260056298333
225718657524536
191998307618745
285476074860326
1462041167380704
149717408544027
259815257424888
554828187863870
220548844783824
617628704916757
447442018638284
211160795661177
298390216898787
184044914950140
451904298160402
627629547247986
197100203779352
254865961317852
181535335369336
389659814385148
267142120035185
120571541340254
214180028621687
626498370694946
559248087448307
457603037610502
463993910322861
1431615850391401
168264686639645
480726765383692
277931822325858
527617803971087
156419921209651
431443853601309
376050202426104
618838738143382
237164549760763
133847046819346
452001631550484
289455577731669
514778225254731
515731801840968
1405008136418554
251864294840375
147012998689140
493566317377469
369971833117491
258940197606039
544565978927140
425785254163237
624365820956521
395365797179825
549786951730265
478786442181026
483391025061131
100139623402489
341112172592774
288545687879468
353185488101842
392081644171098
111668538981819
275799742469999
238423476301617
197009547106137
165396970287377
428303853974447
422830787775165
452461908133480
184327161623451
169730209734538
290352637730100
442223815810314
152529418140461
575787659113766
185966764775215
114338725334528
264567643567969
1518403365045707
697580790277236
496090557107804
146976795472311
187741081422893
236378329761816
131287457065886
1406650579607439
335971459890607
364598326922752
220950664587072
162794513751291
180401698751086
514596255238695
1378005212438635
165191683625479
136407446420594
231375740383934
101233183665
431892323530874
117631858446572
136386726422164
240308692647119
250560905093205
785341468214063
350273291734438
246524978722745
131640820215202
107118112714606
117148311791630
130567103695534
562873990442903
629219487105360
292343047635859
137733612953061
536476083041981
119227108120723
303966899743922
207348636096021
225295734295973
154195721294623
1464484013771572
1470701996498240
244661332349469
1424018731184961
231279820414044
164872317025778
185190008339088
209710779017
268419626595102
821770254499893
152563794802518
1476776642548751
575334219211270
373875619311690
173948349448158
370061976381939
267841153383888
661604733864479
162500027168843
520689334719518
209416025801236
214794588627905
426117344099581
194888723957108
489532781084550
1398457197064438
194237864089675
1493433940869769
234736432324
112577608833643
208781965976861
381921515186088
1440172829551089
244577619028175
258015964344345
198127227011984
677406558949991
501990043214071
426002334097146
259578954138424
135380079860693
561685470565247
343457735855720
206944572770180
441200572613530
190569867763360
169581896430895
188989877801742
104461579669242
263505240437023
288490867862137
212722278856222
290765734321233
398345753546675
108093516027794
449261915159787
421003647985006
474305145982178
146377998873015
196473743729627
155743337900611
210758229055647
427168220723713
233544293464455
745548142158673
503430533063764
292354254263804
153460534672255
685113704841159
119833641450016
555717004452771
526191240790672
553491504691086
424177414331006
206122372832522
348082221981070
256365624481241
478882045516892
151191628392344
212482688860866
480782365318505
557933667555169
522201584510839
576077695769083
595489733796493
234166709968493
129304043906351
273165722784055
276835952362120
194191207277515
168893223248560
405017359556195
673736626082369
260455450726637
480327778682140
358106727623012
131947573670258
407467805958388
202773726582575
397000360412716
651365038224538
414601961928800
762683927089875
174056819416143
333855673435785
444431155651307
183123558388605
380836481991906
202091596629192
492258127521409
172081716305191
171609379713394
478528908897870
280410902100832
593352430697462
223732311029566
126109814197304
620181784672331
1429388603960065
598123950235939
450174768331826
541148685902773
306108686150533
514063231969398
135512253286056
436000719771620
121790854611746
517301028334004
486640374750302
687383137943984
200154253445207
214269718586146
240420822771353
338277206275322
409698825812348
109724625852099
588182681214697
370192803034316
1428223350766484
789538011078807
520922187958196
184405468381179
463358673743931
144833029044158
472380682849230
168897053279121
242421442531326
523199141062028
442595109120504
279074645630625
151298138388058
302224213139040
468717676482560
650475818317797
194576167345460
101112736692383
205263342870371
139634179436627
454087401292263
1381678755453490
215676951911806
423713424442729
116528201760931
160368604140671
525001127513319
236219009830783
171267332997738
285050648210966
452536588164712
1394231864130507
157727760977051
121142174710744
127001357450445
396625917121335
520998874591567
504447372958857
198538526849522
244050349059439
217584205035914
504198046345537
133823073470987
112311815583695
493945423965358
534804173252686
150230248489301
281485518534379
378312748920710
186631571487769
104329013047375
645873272138432
643318279093299
396816463734224
245747238833438
1387742334842327
1390622971158769
296670577100798
125297324326664
351095938316076
376478982432127
466384280058832
1462915333970790
629560750441123
212515925546489
400918366652197
442045739225147
416620008387422
188490211297174
142330545834651
266937263479308
720664354679247
336570823096729
467563863333893
226690674034075
265104576873960
358386884239687
226993107398875
492918930730676
571678756236210
212311358937693
134882926595938
412365618890548
285931844860194
512728558822786
185059258244964
331867376854301
199360496825776
1441309712767725
759452894114219
597252563668650
415518395168402
155091627961038
131240553717143
232968073547445
166510873516154
134099086763647
360293617382157
144361925757501
337783618890
169406916469929
369920819789542
128947460520952
469986889690002
532662373437664
209544049196196
113569955384079
373763222689743
163008923860852
563859033649980
116682808354586
192328400814868
557119144332633
129673510528476
188046547982451
329451783861649
1419943344912085
318440618357698
210852145734311
199693923515039
430560377044304
144195598970082
577329755664679
105416956219953
665178796836836
187599431280095
172640892760770
200918673377437
210186012336539
563285580453627
1384739271754289
307321489411181
265057550203143
159248630772205
549073155184515
133630540000259
1422657077968428
1429383527294130
211414465684277
329611123836702
287119184653381
684071284938360
395714317201388
506749009354068
375747855827962
437318823080210
612183315546837
1476213275928117
120142458004552
164204840304008
543766105687851
268256239873623
593316627384630
451517661619248
416088625165365
519834461418004
241669715863381
1430470750541223
509259995770202
120399261463796
330281440400912
479900612101407
262288373943045
691905654235841
526353724103989
201437463333108
906058376075426
1375278669392130
330075213714263
1426689520931911
604203466313298
653407294702484
503474886403032
473930389371066
258233444290837
273706562735613
207544759419156
177482102328471
125718227579536
522529334429725
642118852504098
218455811681428
190770797777988
288233101250583
194363880631602
334989256563006
810206288992696
232621356819153
185282654855675
158862054315984
387866771342211
415462801892816
175830529147265
608190695863963
327460977396214
735282856524368
323367884440948
318175031658154
268398719949645
633608493328774
312314465477794
444064362353387
355995391146249
686399214811535
178951202282798
119146964826250
133718676668093
216108605177883
465152566895219
613078612057197
183508848472163
386332401401185
348342455217684
381895928572921
552205578155997
395624463883472
1410702179168624
370164626361707
197094814391
747909271924954
522273841169739
309946179149887
527560260711464
171294583054824
299905270157058
177469432435625
144155335713104
114076792018542
615360941861671
489470861124250
254389111343516
529106820478481
176031059117919
161623147201289
290092651019719
221808057862366
200946533280706
221002434632137
401612376628046
1490127621210202
491577954237449
501798106567879
148120068720353
614276605353566
623074351055126
266756736766163
200430133341126
231351473652534
262721417095610
276672802484146
172933422720764
154076421464159
1439332839632988
281103415296520
190196521183094
549127105159947
597597710283169
190432817703142
460951710679580
820792651273355
289156381213197
413333732030961
128389480627408
254468121318123
161985707291687
1413499398866545
352196364893713
649810975029965
188941979537
568343573229251
377464778953680
103698057761
529224137179194
919758598058648
615785445183445
276773489115285
215437888652700
108188759261288
636154816469488
208484225987841
273646292795021
259008810809247
612176428817491
612967192124016
777418872316648
805200696176035
1441512612754705
1418342398444131
100724860016852
539044076155925
543545105707929
509182565837282
102516973181028
526020847446457
183527548493644
613312665355440
730163437028989
660918093937866
537544732961647
324130304328955
190145957856122
592739200790471
266629930162587
145644672286552
456379554413431
324482314239926
517014855042021
199034236780904
621954627891118
116244958526340
269681173191563
136319976539706
167655589918383
487656334644760
146071128746471
227416273957474
115570205193848
129116707189478
470586853026541
603472939726514
277653289070702
186798081363479
208592349189589
120371764645353
118076984894951
556119577858765
405203946260063
656686247684039
335744583179146
119273081553165
211516995664037
460927917350760
276206362410358
316106908436926
1527578750803592
506286182766499
451625654870975
184057831754765
174905685892901
1402710576635581
549563668407652
150300735165906
242975469083331
232100743658663
175985342487482
708319019220754
730698186964479
519767048071378
200439130123777
395450037162961
356279144447338
118836841574263
120170761395592
325618890950531
656972184323364
534259283284875
691470374243134
153479934824419
580422561996712
776084955763470
171765326331692
486312238050499
147706672037006
453894954725245
1535018803387895
475576802497709
345230692238220
456069837770754
212777092230583
453490964728310
616854541736184
176327999196248
406871799348855
475623859197573
453712324718912
442995062441033
154968228009108
274652725960663
199089403584878
220155618182168
539561156069488
180577881991806
504662082884198
147174295350035
197706747051806
165338270314856
608034672596909
453920214688882
1430008747234668
184495618248261
166565023498306
625085987585321
575024439217252
514036645301789
1527362120841832
1511770769045045
1492631927633049
1433080193604889
536957429664430
284291841727839
261235597249935
213590062117055
209895059084189
633211320098787
101092830072116
606852359339995
123536947678948
201070193295336
551677801516238
159469767539352
347823718632336
179239642198970
436768356419295
535181423212787
627842060561981
114281922057333
1420935881480644
329759090484590
485353741514343
161337660719744
225637704238295
402657406414512
278021095631865
222658594435094
443681129025565
496383323762704
127166984014891
448904875128387
184543498260934
238653572886914
166722500109811
139663856241667
669313219766496
557750780922544
477934325594920
172061759637955
498569030219788
259934390841837
476665965738406
679337192106617
1416403685247841
225962307479707
455769464484159
308404379229442
576611512372157
184575721580580
626631577393878
205633956116221
112407525478281
131957856949783
246247418738331
542816742407100
1429326420638603
397785263583158
532839020161564
668412856503057
215197878511417
138965546243982
492362520837840
236804599855610
257896004266137
476730015710055
124066747669977
391532574226264
170703382979604
183872174980186
276739045799420
303725179737821
574126355935358
408839692515950
362968523774770
387204791383659
511698102254389
141331775925972
512779698763414
754646324568958
403358536467073
189954764358326
422596831247886
163329030482228
632173550131348
