561700060578963
936072309752650
518812814810009
265126356933821
325527127634836
198990350133508
286436481392253
372336752804275
126057507458902
1424768661103793
179691125538215
497705737030512
828413987173020
487626964601521
100121360065856
856787394336727
114564038566313
314056215394441
229090170546889
163497207102420
440322472733706
159330754253103
131354750285534
338633969545026
606283239454919
127774217394766
174842715912525
145087492198111
210399892313063
235797606450236
103702339738381
332553136786869
274913722612322
311464088975692
226336934150350
611664092205896
1408192029394371
130740510386742
268383549931420
235009339855705
261697003972057
571201636320631
210346042311833
378354132234174
520089294741114
395059920598690
416039115151524
198803003496418
186717724712366
103688973042607
149709838415526
349426878426475
414606311896087
273618996114452
118023844886959
656352824377189
484042028321800
435073323204175
202407929775552
698140483543638
376555122366024
320372831423041
423617387681679
179196528931410
306323276107553
132610973447402
502484943111928
401737026574500
392015237618213
312860898821290
174837936008
160029877497005
350193681784826
513398215380801
338620246200593
164303396958505
1435274863417588
1440946686171575
145315115648878
254320994604135
1492999277650212
350440551704691
171185526391493
122341364631805
1432321330326097
203525636445430
171004122911016
349908215054133
539552869500813
1443386739217809
241528305857922
1449483945320785
210098135799169
177581192440518
463156133805546
226826114037618
248183205194282
559400170769916
395697677178112
290480641134560
238853932854757
133708016763856
679204058854694
443007429071847
858735110850413
349597865150838
156481901167205
453295671370774
293321490788828
1415955175331270
168462446610129
383172301800213
242997159060625
698061620222993
172920449442896
144689708930912
603622089658240
658657034147684
156037734478952
1396519583943280
126440370879604
177013115698559
444519479025338
126434210836578
476008752439705
369299793182567
343219642423462
509528835727590
152675774903735
493543057408913
158682280988983
352807481480472
219545461407370
223249824519623
277245325753246
498738713591479
248107621884907
417843974997676
560751157321068
338971809521182
622927184390375
1438696809679528
369018133213103
150968231763469
277107695726047
131716913606649
448841975147447
105807469493857
1728321303973470
550102741773739
106167059403409
175113019215697
132432730762
139857889431607
250366318345015
257623011093805
263067130534342
569945426392305
420783617982930
109987985747238
181473435310174
849286751796775
1411394865795199
275108105920341
125588507635232
216628001682533
168782333203403
341546322560537
212167945598710
129122747286978
1447899948827561
193440740681177
479335452148797
296826860413328
359216230764668
353896048010217
186400198065138
196318370523396
1418733411724662
438649112822856
301461393323695
201719456675774
1436312459916648
1403166879897591
741107925917702
193023325305
459989504083799
399493360091197
376018299151353
316520998462819
225838154155532
411415318936024
1417728915115307
524209007590516
208081409229044
324017174391534
267262510089389
483048495057194
643535132330834
483608451710649
602956796437214
483810618384696
242612639212633
164839826911672
274423579333504
328363610629116
396570910443580
494347517335591
163398000408015
286407328100427
251933858318825
412670232188269
608294965909325
176851105840062
195519057128515
111525079010567
280929645391257
341517986024771
113364968751089
1408240656098798
477226069005811
441800089204776
160336457355071
266619036839703
266768920026136
283125811716482
199951270024150
728046723909724
282957955146203
209416415829810
162457200564999
138474029679726
206448102705705
129660930541724
1404301113118913
392332350801763
624908937581586
313449438732965
386938581417645
192151564275820
416257838400998
120786441453828
404100866375001
493140317364133
396648417073892
278283058918703
450444728312364
503827316350119
246345255501726
381538261940173
414578395317074
1498622670377464
216764211844970
303585576462925
117672674974616
309266345893313
110376139026593
123758834462031
181966708492166
156907201070093
1555219438042292
387084984750598
299213233549666
567683186584839
166282953503143
1449124048693335
277033759155499
465173906877089
640319955984884
123568261129166
255576944621708
122956234553428
135560156467929
231019963603285
257464347713524
1520425248185578
146229462100873
430738466979076
129554247236670
191502081054089
773540549369338
247468248690306
652440368140399
169248456548434
123704324360615
126502794095526
114515952052369
342672665828454
206001299451533
362351597240769
511369575553780
358198724250928
615431688528395
149089591818038
564159700367852
344777855546757
549619971776123
203173859699339
660708813993236
272220306186137
249744965181358
197586983610047
425201634185466
302331226563252
583088471707924
595591097220684
125542450835457
542086269166645
528792693804741
465224463517175
1432284323685823
1400180223565793
258801364134901
124867490885318
159458890874478
432892050105636
1534800980078394
141747415843760
1533768286912828
531061320262027
264616423704405
1402900153323248
118000145036984
355827811179437
706410639429652
198452223517047
136099783127009
155774277909786
156990174487610
120875451331722
250732724962640
559986977400873
628355327195685
559430437426430
679825595425745
223817704348916
399089603461139
613043715408645
1389741464573394
268554273214527
739398432771281
223476667805534
104750622934679
139853159477289
622460337791392
369712176404851
312559842190728
579930348695145
684431071614985
189002814627312
163147143731295
184917061611986
511380038918482
197171127068501
476621329036413
254513301260288
173805125978579
194052684088701
336637923072258
301386746709725
522720411131640
131144207093753
119126018279495
155033584663569
205897136260401
174749432544451
490078547693883
256725047762329
356842477699512
190542904317684
140616482805472
1384536435163360
1421084271504271
430979573665091
262585010533042
633222730044549
564358750291374
286519414793437
118087638205251
221387734634945
185656638305779
123570374411998
399357293562174
1400387896898199
1441388506072848
348015932023483
113756985364020
355396611180594
160568452361
460764040723777
479434112112974
1471337023078095
1435004956742214
138730952895581
412179598920186
1421467181406312
132449946774755
129425363801020
110958112407953
205764802784788
477777769028170
201537846691354
189342044443240
440521709359478
445471768810391
1456124244633997
224116854289819
722775624454344
498465056836339
116106935259524
405635669547815
343394235757628
397909526938940
335939736473509
459982580758844
394883563951783
779011148830399
458003910989557
254791281201063
1417245545171358
400538326771441
518617738174486
499802440066757
481297931905962
443977325654912
393004990750505
727073424023464
193884103967533
126739810852066
250816108266848
493264254076346
341969649211236
174639069404207
332828460172175
122305867845514
553057151451997
189471421098271
405602962895200
103457283185977
464627963572981
1392591024286682
139639469549925
424106070956356
211528719002360
121078144720024
229162190481952
239718329498074
153679408039311
334901589990420
499609976759289
135602033224404
398040350301259
226950824125424
394448360670899
381628925247688
141478229389032
524003591000962
438880246237973
168501406664701
233926813416688
667433646639775
1499053803657578
182495781768268
816144795066826
504844416236759
1493778310857717
1487081288171635
512068738849227
337481389673329
662071830476670
306152046153297
195069440698778
100906249990465
140782056112818
144719772206719
295932467222794
168408009986690
344052309061015
1434624270097954
313205225523072
276193635822505
258161367631723
559611360802042
268710739901945
939486659413301
204482713014267
208348729328601
693856717329110
374305989303362
117874385038226
282765688508013
242611049088614
155338514521099
166768966720631
1138570776282848
248848898476452
1434034036851512
1505123563033166
196741213824123
265950600107797
275303632501435
408917389133403
135185429835616
323812941073161
530663267005693
264518080274037
451937268196729
145059998977358
417487668297907
484352144983749
159133954116771
148208161949494
230296450326198
310999362363678
192172394222583
440263726084829
681516875197871
202042446491659
270003943069906
243915972349127
633798913307041
215130951875160
435197193249081
143925519012222
195983963750672
137857486283212
782373861788267
150894008361219
239506209412657
304686122886269
260744364027447
195200817270992
680638011990433
226319890843778
170828767353
198208413532711
117738064982010
1540565859500535
440452712717707
385849474835367
763100763762839
181994318521734
750322884999405
601815396545318
426735080757065
387671688033143
540103899395802
202075729882943
102847503128335
420578138081891
219549838098770
209070209233610
126195814120885
141935052488787
213405668699110
524590884230691
404616202910975
1381937668752503
129963257181840
593493027409084
631293113614688
294990507252825
1439554279656795
328054147298973
275343259331778
206203782799469
153132021506921
362349373922539
376916869075088
365829443502863
136489576512073
267592390026501
113409482007382
201454189945548
409142375840297
474518209360686
1452542234976299
394833607270733
111176159048946
1441955279401561
1427707357500621
159095974232490
125761503279
159555954064264
106517689381008
412296935554215
416714118338754
268614806580602
546217238802554
527096760735559
123050031235293
652884984741635
475664825841112
1461165040778872
219602828057294
109284482486534
600740386626284
163858270371958
539628969461025
174594966039633
1397107233867833
514690861966263
576127085754185
100708773329558
285072578181463
279947122117421
593675354039904
232378206779089
769598503052467
1431153133764291
346059092206622
170231676389421
302676759839455
274843495871287
267210596804238
128448153987492
186705008016617
118042285010476
193496107358946
203378753156252
502641376479694
178834645487940
201432696544811
205748086249148
223634987817195
499643750105212
498550313533537
170942789777045
503232743153992
511542045569686
174684979357094
466833706751571
362392890496411
410745879054272
282635508532017
225377510896629
280517535385651
309476729155667
1405542996376289
192024474290887
488007234571257
116516165196884
155277864595364
365632243558235
411563158958263
277701428911295
239635812746625
396835237042644
421140731256440
830285553663136
161292264036299
206706769398002
263866773725398
356517051144321
344875562290463
252392801466946
581187622012231
519600378055956
348235738648338
142963145899143
687219361302291
447225438702286
363749527085535
701401249873197
161999710664604
460305160675335
211734248854140
477920392283199
1482838018608505
319127181525353
202736599860840
735932536420642
118655721614591
291072480937786
324334457580378
193923007292866
465683136862546
491713794187985
282749428480981
246716125951
420836734603835
471692722862063
106577069493354
142581196681
202716559745800
124414570904955
225776634191422
401880399958832
125162840946650
253123214760986
161882497248283
693078564047852
135215369940525
1443862782498315
395560450571403
295112413959738
170050123160793
495851817095172
257543100926388
275074465962527
261329240574062
109206349193783
106634066087172
166483616845672
362892693812559
294783807276926
523301824412502
634396086590923
275096552598828
169032316505832
647878405281452
215724071809666
295703287273248
755730511178180
162465057149872
155828807813642
405770939525712
716086721743028
706666962690690
529464670417196
148557751881659
173049822863495
387765051335064
1394788580769095
689828847736206
121328784605064
596760910368668
319880594823231
151562761526679
542731062464448
707275275998867
400954260039099
770255696326910
492450754118126
174930365916066
725285894184313
123943337631193
543456469058041
310662412408231
197344310295334
474613472613605
164578060264187
117548898406174
570275893024262
213304848771878
309791012434368
119701088149277
132438450171310
1645686258990715
245203895617086
258184057663837
133840058910
306308016170749
1503858126554927
207039929325302
321743537904751
174709329324473
240713072802411
256918794512274
204209772935825
747704961957169
218752371627479
1518840245019052
328211137357172
433711400045542
409860492388804
1429260190681544
631011970325728
203144299722496
477680842291920
185251738164914
237251872991948
1393200994281313
217348731636174
412194062130940
500509160062263
387342991298423
402511269814137
514439878576602
113595262051363
489195731146366
178440495577412
779603918717263
326969380774174
204588939726557
476291785784453
474456322624277
281526681984032
515514978506122
201149253261915
600560759977173
170150809805809
131128753693981
130135437036055
293963644052663
199264106920342
322664441189602
261927847247306
279565512119040
371040419634708
403084019725520
478681552192975
176318375755122
193321197374529
171552019602513
318885234916759
186035104798445
334404686589604
104693349606864
330468960364195
173495042775558
250945611691738
1542394535997231
219627684767971
119500531463174
355119967870746
216535755193283
372626779554680
88246751727
165389743604145
219598461389260
170402656337877
226320777437860
139525816146921
1422929294618092
255121387853364
112458222257102
480198772024063
431809076949611
217895688373210
1434540056773185
194109590767179
153273574690796
105151789519923
201834836541713
104676589607919
1405683049677093
357546371096056
466149733439959
390563831015061
195191027184006
679649792102337
196809383683575
294347267274583
689881231071761
190122624401228
109702362442275
233716953447814
257432894412543
393129334815
760406623985988
204668419574505
744714875548219
165881903451418
395777220559638
323100407883410
129510567114678
574332395925803
595652933830670
165174300264794
215115425312526
162062260545489
148513668543221
469641853056045
263825280347841
254048038047299
1402081113354804
319186778261326
170392186333774
153940182887
730042880344488
166862833344843
176333295722007
145354745478629
116688128494904
190629914457702
208862302482724
202815489731492
419072391467532
318908098307857
333038037149
216814228500188
1452763811616930
167330253463980
174991723829
397623753650881
202645679834500
215160211857529
156461134413655
1376935925870816
643974689053272
889105821114131
1424550214475848
186054044776547
244265349014298
254750684599890
355880707822841
194411870580665
150751781627629
595163043829934
213936768621352
172593779615307
408262015979636
1445286109039794
119935281354030
158156291036023
372526739469383
231968593608010
239154569480071
230996523598442
165000623511538
195057807284927
338155602974536
244379369021993
250015988369455
691995190825724
617248631684148
237751909697686
264241217003275
168659583185031
1414528675433588
109536239083298
105791072854246
160207554183430
217791935013148
136646939724418
312527612217779
650171138363913
603055753116067
329146377096808
363174393827417
502904043160359
120544398040839
194434957380884
209734475719977
215284628639418
578678888888185
144547855608391
396473700435652
372115992813292
160939947297994
124746237675987
308256699228709
182444558622515
191433914257168
790419094308882
472165226201634
418730541540524
175458499221069
216076915090961
733389313421808
450450911679077
410286355751736
516738795033843
171063896277909
264285580248844
551686528183704
582290481811519
407568109295054
407640006003447
203189393060886
738655982818463
157231344316024
436368199766265
188516681171462
153962174739130
174285859397729
508915715855169
162341383928327
453867144731770
337699729646302
621904364553935
472168602822985
486020168099986
202821303207245
142422942565421
126269920890076
330103740340255
1555703068016359
192755657491472
338644509573116
1417785405175850
406052939513081
564614520258880
502362423130503
166621166771965
649136251763179
142716985883562
486459374755911
209575469149220
136936513118211
173171919426839
106829112712525
305630409454508
312813052147622
407822125990746
103692443041775
250253235050330
1392098227695185
646989958695746
