156372004394536
508660932585402
279114078756
198789203483873
316851125133107
195135367312658
119080351499618
311871368950501
661713937186663
153728891458916
185819168197932
1535707083341360
253944734647265
510374055644717
222945962348
580207045345014
332958963520254
587629781264339
159882974215909
277619125728919
590743074284098
367516583340563
644254335641837
560783397323163
256578164360036
107842569319538
172713136161871
742965602394027
176912302358276
103328813045027
241247139221072
128450347212185
374622205900922
585441631498174
378022662222019
151786298257467
300618653339362
252692664816555
440107959413828
172730216118231
189493817772241
285673088174432
358480264292968
158592820854460
498582403486853
919226558100989
163802267045234
325801187496987
1435862999997190
473500842661369
134463276692010
107487599325034
166639303387079
1669832766488363
431892436895964
422842631083218
214957781967756
183281831701414
184381968242879
561350637255549
259039257512260
349205321863692
144244995656300
209938989084778
219853198026433
105993616109587
161886440623834
107152132662456
651836154881929
171741506208086
140637909378024
354420464574135
228313073462
717064338337539
320464764717287
1451148835111628
210989162305160
278733028911699
295296840647405
166146090148665
451894234850417
102302769860687
1467057363530036
357854954285885
259562450816992
1481394635418093
1382225472047362
249799451836475
517539491636627
400981509958481
133060503444756
524744224213406
589822547737144
127806407300066
140469532786786
189282941266452
594560177296045
393097110710210
434506643239526
159293340792271
142935915812931
316860798370369
448421475279519
157135484492840
682746488439882
745050235556523
717610238304621
1457322384500449
530000813705156
353596101367090
405151182839237
179657688740127
472370019465006
300373276739067
181108121990150
252486358253748
1441166752789194
670966172962838
197320700334258
487195904695951
524951937572100
193127464183728
159389178677
1497398557143153
138215743035322
509949469070896
320997518047069
297697523721544
199654336743293
225852710871254
217426404988224
138337756275795
309313952446340
156140441107632
793893610667259
175781059181991
148108975329094
216992221458
713506552014735
356105751141125
216899818380236
118840981505579
326903447441941
1413173585609652
142608089137840
111846265540941
236403119736792
531577546898700
162900190419326
199891503389582
297891510310001
208629122800
382861965112070
170739769756667
653157751383427
465419570157349
221422994557822
205671809456535
286724841355084
286847908031856
163917316963533
508009165922933
152411418134044
668389406510989
193824590642374
269476606465179
456395367718111
368608667782
494485477296363
383998741613005
176068865807908
760772210639885
313006042058118
175672959292648
117364574949950
128298477373592
788646024506870
542161442558520
1456330244651440
161399503995826
220787244681984
377762355658844
359841219249
383885318311596
311926942314253
600818069942825
441783715872006
146379415404874
625458434179914
127061904043865
621858997851436
1428005270824184
155989004610801
541747895863293
215023205178505
135333406665168
239913386191561
384254431732787
196436110537407
573675782672905
256562171068436
189263327876910
284013891768298
673595722747357
718194054911713
525500477514478
312075365568403
160909217442098
473172336087273
1448841772027390
248474701839030
729317967085143
359615297500225
114277325327114
553176211387676
272734386216144
153758101469902
119633591571718
445230192274009
659600897434683
345210642259557
361212443955585
158233454324691
158266964330297
158284374227976
158288157555734
158292737709466
158336784215651
158340734217972
1583668648439369
158416214213369
158434471009561
158442477686998
158479790974140
158492470895576
158503434217921
158516854336817
158590040877159
158604237678103
158687372822
158694880989732
158696370995788
158702994180491
158714060906130
158717510882122
158726850844566
158736640887960
158745614214675
158761840874017
158764967592533
158770787524132
158772744206026
158773937571859
158789407508763
158811780979768
158831327516052
158839290832727
158842387634122
158873420977846
158876544280269
158886590830517
158891314161487
158899330868199
158950744234289
1589687857930391
158991990817828
159011797509440
159024467482104
159027530854448
159029830849311
159032247488744
159047857479356
159048980818163
1590506374502160
159060827466370
159063127476580
159089487473206
157747887760306
157751684427949
157755684749
1577735592447721
158217941009513
158221160908030
157718057613840
161528427365186
161563413858033
161577794038284
161627467257124
161654243895916
161666410530788
161676437281981
161677547224754
1616998421856330
161715167246245
1617174031843203
161731637336350
161740490656793
161746347216036
161768173882648
1617863368437553
161871893894438
161876630650791
161892600630053
161896517235227
161912950670073
160535637331706
160587750779983
160605824111930
160609340701054
160660327457120
160679120717144
160689220767181
160693270658670
160740044106132
160776177304032
160787590629215
160791993979297
160831627334309
160850937316394
160889617334795
160907253979876
160921647303171
160930390637824
160933550710793
161005703958495
161015253927337
161043753929607
161044367019
161052824014476
161078083947065
161079570621363
161108980706283
161118180594010
161134480707926
161153530660853
161186170613499
161193223968769
161202974062128
161265337414446
161270903930996
161320143930343
161345797258568
161346270583334
161351494055920
161380040625340
161389217287463
161411440613281
161421527375041
160426648684
160444757347891
160461870804024
160487970631703
161453403912350
161460440574019
161462153916135
161489560724305
160959960602244
160961333961578
161436690684545
163481100508758
163509987154987
163529797028623
163542210337774
163582357153217
163609973694225
163631660474755
163639300498759
163641660393726
163647477157765
163658453787136
163661270349985
163678383742753
163696353662630
163719167010842
1637214609837053
163727830501158
163734290361044
163747420482554
1637731666453213
163783120448874
163792520366010
163802923701451
163803343686670
163830940352132
163849450347332
163942657009234
163285887160357
163305320383999
163306460442432
163381510537814
163388980429405
163412873718465
163428663841590
163435490380902
163457873812481
163166073738024
163206103869756
163219497059433
163246763853224
163251087169251
163271817067633
162999297107501
163007647226162
162959660417974
165165160214423
165181820283685
165213346863164
165229156921373
165237596871840
165243986819490
165253693508203
165256620228466
165298240217389
165336040290682
165342420314810
165367746918199
165440563627879
165449370278007
165467540172178
165477256985088
165483066886089
165505460171772
165526470315517
165535933499386
165556673490217
165598740161047
165599493489073
165623130156880
1656324164592028
165649906965039
165652843569066
165678476821144
165688930174776
165693260272037
165741023578460
165742506853604
165760726826699
165782983502119
165786596804108
165789526808034
165799733510628
165036020357649
165041346898871
165047916909211
165049830210449
165050606893054
165057520229571
165070743666224
165074020266829
165079086877780
164993346890925
164995270244662
165005706916358
165013033650075
165388656844293
165404873651387
165412896842770
167086020008511
167099720153114
167107886783038
167129210144785
167194813418760
167198839994318
167205203431657
167215723329611
167232713377504
167241440015409
167264203465605
167284346688835
167290256737892
167295563422451
167302509982933
167309333353245
167403180026937
167415233368775
167444346675285
167481900012740
167492286773918
167499023319395
167499173392279
167522186739300
167570226660985
167585793380595
167587043431686
166897950028227
166902990028703
166926506668203
166943296840232
166958790065380
166978196649122
166997190019765
166999453356747
175804142543200
232874096734040
167019663343790
167049036674925
167054533350155
167060086682772
167060933455977
166796500177821
166824756782466
166844826748866
166852060043196
166865400073685
166867900025798
166883586691349
166885960041536
167322316801344
167326600126283
167332570031160
167334333432671
167336143290
167345926650739
167347986799885
167353969982695
167361930130097
167373273395729
167381753327116
167077223485609
157806410939742
157824024274252
157860794274789
1578747382337013
157875834231814
157883437598854
157888797556407
1578935975664238
157914080970464
157920984260554
157934654257898
157948194260688
157950534275323
157975697589181
158010034259118
158079270958909
158083537575907
158084180912990
158096537589331
158115094247715
158154061051636
158162224320762
158185937574275
160026170725070
160031084062862
160055910735425
160055964060057
160076204065623
160108364108431
160116350768339
160119644040452
160125410695288
160144167502794
160167383995704
160200757331259
160219020712421
160266364180698
160283267469883
160287654144051
160317457451712
160344964012983
160365310682644
160394784045906
159142090954176
159162790874181
159180777468114
159203850797329
159209597603376
159225550832284
159247810792812
159253170793170
1592609120959091
159267350821930
159269284131780
159276430893035
159302167455909
159313847494529
159317790786333
159562924092651
159570947438830
159587400854868
159587507438564
159593810863448
159597904100101
159598224104270
159624184220407
159628770754537
159637294229168
159639564131149
159664507388165
159669850773098
159687540869393
159695647418250
159698270902073
159703147415079
159720910806048
159340514148144
1593452774213139
159346460856203
159371257559268
159377170778135
159379784118086
159408110882047
159438900805439
159458114172475
159473097453711
159486960906374
159517067433857
159844704210998
159894300834787
159921040726030
159975410722968
138689422882627
209080795772374
171942952917401
159755714075856
1598057030421831
159808577365023
159824137554332
159334997610296
161973440636799
161978510532313
162000263885957
162058233879840
162070930514660
162077197244066
162097893995831
162134533833594
162135540500916
162142957181731
162234593963890
162234680498231
162242123866596
162261890516868
162275397165041
162287970491351
1622935054600104
162478090474825
162490900614359
162525950550421
162533423820495
162551810618206
162627033785450
162637003783676
162666153792206
162716727228291
162742399216
162748513778168
162793310499703
162811807209560
162824373833939
162850023883397
162854943768623
162875910514385
162889027183308
162898253768979
162322943788891
162326880516870
162388510613765
162445613912724
161935403879733
162933193772749
162713280443323
164474960296106
164503873726336
164508106965231
164547240261789
164548763611288
164550837005699
164600913670542
164608103589759
164624996956694
164666703594088
164710503611278
164715393577418
164726960242875
164731876971174
164732573718324
164732883575769
164733343709459
164762787049780
1469093460004908
164802513710384
164854700221720
164878946912941
164903300191359
164904333530567
164909576891471
164922880248189
164928970295214
164929026964504
164937067042058
164149573651499
164164906966745
164190803733007
164196540302558
164199737067677
164213693703466
164237916974403
1642399505985258
164254977117346
164278993620970
164306827088705
164345313746067
163974267048763
164050196989149
164053950464583
164083890435804
164108087129164
164123470345688
1643819432510221
164453123600607
164456663605985
163956230320802
163967940326875
165948936878624
165963006813965
165970873460082
165971876821814
165975843462339
165976590254951
166004346883633
166055513571862
166092650120596
166097336928130
166111896799905
166112256910852
166115043566497
166116216801425
166117210105289
166125763446198
166128600071238
166129703493889
166374456835586
166412670219285
166436306740222
166438626896956
166475966747192
166510560207906
166553626731947
166571286848167
166166423445015
166176386779102
166180970095282
166182660202859
166197220125055
166222003427421
166241130146276
166242796896589
166303620100543
1663145463906435
166334623425919
166615576721988
166615686735412
166652110206034
166692613381827
166716056841297
166733026848919
1667575880134109
165811246942474
165830980176205
165854463552151
165857213582453
165867433525672
165875640148322
165876693618215
165876923607021
165879090283938
166342896910220
1663528647205137
168940353170428
168946239826857
168948669820217
168951049822987
168952189892742
168955766611600
168969173158074
168994793114096
1486105761618833
404212896344672
402824849762113
1471686579742516
515404321819852
439451256145586
410408409056400
385626554911150
174359945953853
169029546636626
169042709972649
169043886627661
169061153159087
169108583149183
169130626529500
169161703098484
169209563141921
169223419892226
169247193133130
168416029985164
168440916534937
168446016565383
168477979966286
168530683323100
168530833239364
168549629905252
168551576569996
168565499832981
168603949858800
168605696656477
168615156554488
168617373194202
168620783192950
168636199865247
168660983188563
167902276574788
167920953271703
167947803339546
167959243290425
167966386686508
167981613389159
167986093258033
167991796627157
254989271313488
168009956589570
168015419913014
168021063377303
168037169910016
168079776623637
168120889902629
168144333262021
1681562282069987
168163069921271
168689723181078
168690579918249
1687102808181410
168716843192040
168724136508854
168741803179299
168752423196748
168828189835706
168846186501821
168871746571859
168880059837818
212813845519705
168896163284631
168917996540692
168929663162282
168179953240117
168180796665009
168204136588792
168229699894705
168295240019789
168298759847973
168307063341000
168307183245918
168338553326412
168348513217499
168368983213820
168370656507947
168392673170938
168399526540983
167600189958418
167614189955556
167631726637424
167660239991403
167663569964818
167693203423744
167717079976600
167723239959896
167732803411014
167752839938381
1692711644286591
169273073122339
169276916464976
169301509802101
169320619928980
169329346481851
169350896451555
167799223269288
167840079936177
167885156593001
170022409723537
170028439724595
170035249736160
170184309781310
170190293140910
170208123037588
170235443035316
170249576396570
170271029684173
170273526380794
170284686339945
170297126473643
409852275735339
170326306458222
170334556473973
170353893011761
170361699841005
170380003019480
170380303010244
170390556418915
170396149785857
170408156424731
170415886353625
170430539771710
170559402978373
170562453040616
170572696339353
170615932986967
170620592997111
170621856323520
170622529812553
170637999665406
170652399763838
170653546417637
1706595829566894
170687639659447
170695483086213
170706073122654
170714979690906
170755063121117
170766522980071
170819576403215
170838622981323
170873166447834
170921516284146
170921703099186
170937809781590
170947413016743
170949726428836
170960563023038
169455529773184
169459339846144
169476843210013
169493449815531
169494813104049
169511966439825
169554036532396
169568166552537
169573019862935
169579553251115
169581856425450
169582683137807
169593586497968
169594506454496
169644323108677
169663413082050
169665836418321
169721429756782
169724619747204
169759833091286
169777923045312
169791429744323
169810159876658
169860289717116
169884326402681
169891106444336
169906703202559
169922953208511
169944839881144
169962223066506
169975543090432
326384864103884
569324766414145
170447436333620
170454963113011
170459509771041
170464029672240
170465129672023
170469013010355
170473349787878
170485259711505
170488622974762
169431309754344
169436073179564
169832929742073
169269296436248
171704202884690
171740452908490
171756436208407
171759299536060
171790436201348
171816009533437
171818159666665
171826462876948
171828466195270
171843076239195
171894099526306
171992772960968
172010036339731
172022872853004
172041632871418
172056399524714
172056549505844
172075146176206
172088799621494
172094396177914
172129226178057
172138609648147
172180562932472
171151002983012
171199599591238
