Actor:[959266.667, 2866.333, 0, 3]
Pet:[1060.000, 2.000, 0, 1]
Public Figure:[248180.125, 31595.375, 0, 8]
Director:[959266.667, 2866.333, 0, 3]
Humanities Website:[6380.120, 195.440, 0, 25]
Lawyer:[436.333, 27.000, 21.333, 3]
Entertainer:[425637.000, 37115.667, 0, 3]
Teacher:[92.000, 0.5, 0.5, 1]
Athlete:[53857.000, 12046.000, 0, 3]
Politician:[399675.000, 7709.000, 0, 2]
Band:[165825.727, 6346.242, 0, 33]
Amateur Sports Team:[940.600, 13.200, 0, 5]
Fictional Character:[306.000, 23.000, 0, 1]
Musician:[165825.727, 6346.242, 0, 33]
Spirits:[135.000, 1.000, 0, 1]
Photographer:[588.000, 7.000, 0, 1]
Designer:[1347.200, 69.600, 0, 5]
Artist:[51834.500, 5537.357, 0, 14]
Writer:[30557.000, 295.000, 0, 1]
Personal Website:[484.600, 10.000, 0, 5]
Sports Team:[72212.500, 7898.250, 0, 4]
Personal Blog:[2355.882, 61.647, 0, 17]
Doctor:[5386.140, 245.930, 557.907, 43]
Political Party:[278936.500, 15098.500, 0, 2]