Internet:[2929.230, 194.608, 838.162, 74]
Bank:[879.414, 29.103, 957.586, 58]
Farming:[1197.664, 54.790, 577.630, 119]
TV Network:[1230.000, 353.000, 618.000, 1]
Company:[4373.842, 188.343, 1977.330, 811]
Utility:[361.444, 30.556, 1576.889, 9]
Consulting:[2093.739, 98.998, 497.165, 460]
Financial Services:[631.368, 35.579, 108.421, 19]
Electronics:[1575.500, 95.000, 0, 2]
Agriculture:[1197.664, 54.790, 577.630, 119]
Event Services:[2553.263, 38.286, 1058.030, 133]
Community Organization:[2833.667, 255.123, 1430.035, 57]
Office Supplies:[88.000, 10.000, 0, 1]
Legal:[266.000, 8.021, 22.702, 47]
Political Organization:[3663.222, 885.667, 168.333, 9]
Record Label:[2830.250, 140.500, 253.500, 4]
Software:[2929.230, 194.608, 838.162, 74]
Phone:[6721.927, 571.509, 743.745, 55]
Non-Profit Organization:[5556.339, 512.036, 1762.072, 360]
Publishing:[58542.335, 22138.265, 321.351, 313]
Government Organization:[7953.162, 763.560, 7773.085, 284]
Mining:[509.235, 19.118, 107.118, 17]
Home Improvement:[572.284, 17.457, 179.069, 116]
Engineering:[1554.498, 23.228, 66.957, 281]
Construction:[1554.498, 23.228, 66.957, 281]
Business Services:[2093.739, 98.998, 497.165, 460]
Pet Services:[1467.795, 72.146, 220.983, 356]
Real Estate:[258.144, 18.823, 142.105, 209]
Medical:[2094.552, 163.858, 704.639, 2014]
Pet Supplies:[3185.667, 39.333, 0, 3]
Kitchen:[1642.089, 26.200, 0, 45]
Event Planning:[2553.263, 38.286, 1058.030, 133]
Grocery:[7134.911, 35.224, 1036.534, 8154]
Biotechnology:[3067.550, 21.600, 131.400, 20]
Law:[266.000, 8.021, 22.702, 47]
Hospital:[2501.189, 67.277, 1266.669, 715]
Economy Website:[405551.000, 21696.000, 0, 1]
Non-Governmental Organization (NGO):[3933.118, 1156.447, 357.941, 85]
Small Business:[944.623, 30.304, 281.174, 138]
Organization:[3716.865, 201.117, 190.162, 111]
Insurance Company:[43086.192, 325.692, 221.692, 26]
Education:[1528.694, 58.052, 499.721, 718]