School:[1998.851, 86.790, 3274.355, 518]
Landmark:[1951.482, 101.011, 5462.614, 280]
Bank:[879.414, 29.103, 957.586, 58]
Things to Do:[4218.770, 182.184, 11949.241, 87]
Transport:[5457.435, 598.304, 17227.986, 69]
Clinic:[2501.189, 67.277, 1266.669, 715]
Utility:[361.444, 30.556, 1576.889, 9]
Religious Organization:[4221.689, 467.607, 5583.607, 1869]
Bar:[2383.858, 63.536, 4074.611, 211]
Church:[4221.689, 467.607, 5583.607, 1869]
Cafe:[1871.136, 70.105, 3730.486, 14631]
Shopping:[5549.659, 155.562, 6532.694, 3097]
Middle School:[294.750, 61.750, 155.000, 4]
Book Store:[3736.406, 159.669, 2455.902, 133]
University:[3338.549, 355.296, 14139.699, 206]
Library:[1395.190, 56.190, 2578.190, 21]
Arts:[5036.913, 168.362, 7973.722, 1346]
Freight:[5457.435, 598.304, 17227.986, 69]
Art Gallery:[8674.217, 312.959, 16099.024, 295]
Garden:[930.333, 13.000, 151.667, 3]
Pharmaceuticals:[1122.747, 68.996, 1703.446, 269]
Activities:[2694.378, 121.628, 4658.215, 966]
Restaurant:[1871.136, 70.105, 3730.486, 14631]
Retail:[5549.659, 155.562, 6532.694, 3097]
Club:[3370.857, 143.163, 1245.888, 98]
Public Places:[764.923, 34.985, 2457.169, 130]
Tablet:[6721.927, 571.509, 743.745, 55]
Sightseeing:[3350.372, 177.873, 9880.887, 1861]
Travel:[12947.916, 374.449, 8625.655, 583]
Sports:[2694.378, 121.628, 4658.215, 966]
Community:[3618.984, 139.287, 6729.705, 129]
Energy:[361.444, 30.556, 1576.889, 9]
Hotel:[2522.536, 120.709, 6714.629, 808]
Financial Institution:[879.414, 29.103, 957.586, 58]
Recreation:[2694.378, 121.628, 4658.215, 966]
Tours:[3350.372, 177.873, 9880.887, 1861]
Studio:[4427.000, 248.571, 166.714, 7]
Concert Venue:[6789.826, 117.783, 5618.848, 46]
Sports Venue:[2218.377, 135.681, 8602.541, 207]
Nightlife:[5036.913, 168.362, 7973.722, 1346]
Movie Theater:[16416.074, 807.741, 77687.741, 27]
Pharmacy:[2094.552, 163.858, 704.639, 2014]
Attractions:[4218.770, 182.184, 11949.241, 87]
Government:[8447.343, 256.457, 24803.771, 35]
Industrials:[117.100, 10.933, 125.133, 30]
Transportation:[1028.447, 157.386, 29565.538, 132]
Elementary School:[276.000, 11.000, 2312.000, 1]
Reference Website:[908.500, 2.500, 0, 2]
Local Business:[1689.434, 100.404, 4634.099, 10277]
Entertainment:[5036.913, 168.362, 7973.722, 1346]
Patio:[930.333, 13.000, 151.667, 3]
Museum:[8674.217, 312.959, 16099.024, 295]
Hospital:[2501.189, 67.277, 1266.669, 715]
Beverages:[33142.681, 79.862, 2218.142, 1623]