Service:[41874.535, 292.230, 4328.595, 269]
Personal Care:[1645.288, 89.997, 304.744, 4156]
Professional Services:[2769.500, 142.250, 575.062, 1553]
Just For Fun:[813.222, 23.333, 0, 9]
TV Network:[1230.000, 353.000, 618.000, 1]
Website:[55251.143, 595.571, 0, 7]
Sports Event:[512.000, 23.000, 2.000, 1]
Concert Tour:[3206.000, 1.000, 0, 1]
Culture Website:[1585.400, 88.400, 0, 5]
Local:[3378.846, 24.769, 0, 13]
Society:[1585.400, 88.400, 0, 5]
Arts:[5036.913, 168.362, 7973.722, 1346]
Sports League:[1512.200, 57.200, 0, 5]
Beauty:[1645.288, 89.997, 304.744, 4156]
Garden:[930.333, 13.000, 151.667, 3]
Radio Station:[38966.200, 864.600, 410.800, 5]
Club:[3370.857, 143.163, 1245.888, 98]
Sports Website:[1185.000, 90.500, 0, 2]
Travel:[12947.916, 374.449, 8625.655, 583]
Sports:[2694.378, 121.628, 4658.215, 966]
Travel Website:[3378.846, 24.769, 0, 13]
Games:[337.000, 11.333, 0, 3]
Education Website:[419.800, 16.600, 0, 5]
Health:[2094.552, 163.858, 704.639, 2014]
Telecommunication:[985.991, 38.000, 156.748, 115]
Technology:[20829.484, 92.500, 277.633, 188]
Business:[405551.000, 21696.000, 0, 1]
Aerospace:[1684.000, 22.000, 0, 1]
Video Game:[1019.000, 78.000, 0, 1]
Regional Website:[597.000, 109.000, 0, 2]
Defense:[1684.000, 22.000, 0, 1]
Wellness Website:[183.500, 0.500, 0, 2]
Music Video:[222.000, 0, 0, 1]
Entertainment Website:[805.667, 82.000, 0, 3]
News:[58542.335, 22138.265, 321.351, 313]
Spas:[1645.288, 89.997, 304.744, 4156]
TV Show:[489.000, 0, 0, 1]
Movie:[372076.333, 5293.333, 0, 3]
Cooking:[1642.089, 26.200, 0, 45]
Appliances:[3268.000, 49.000, 0, 1]
Media:[58542.335, 22138.265, 321.351, 313]