Watches:[2485.690, 47.000, 0, 29]
Product:[41874.535, 292.230, 4328.595, 269]
Luggage:[684.667, 33.000, 0, 3]
Food:[7134.911, 35.224, 1036.534, 8154]
Camera:[7820.600, 7.200, 0, 5]
Kids Goods:[435.800, 4.800, 0, 5]
Equipment:[215.571, 0.714, 0, 7]
Wine:[135.000, 1.000, 0, 1]
Tools:[215.571, 0.714, 0, 7]
Jewelry:[2485.690, 47.000, 0, 29]
Musical Instrument:[207.000, 0, 0, 1]
Sporting Goods:[2810.951, 99.854, 246.537, 445]
Magazine:[59391.500, 702.000, 0, 2]
Clothing:[13434.986, 309.915, 0, 142]
Retail and Consumer Merchandise:[8162.135, 315.281, 2439.315, 267]
Materials:[509.235, 19.118, 107.118, 17]
Supplements:[1296.000, 129.000, 0, 3]
Furniture:[89285.333, 1343.500, 0, 6]
Book:[871.000, 30.500, 0, 2]
Games:[337.000, 11.333, 0, 3]
Phone:[6721.927, 571.509, 743.745, 55]
Software:[2929.230, 194.608, 838.162, 74]
Photo:[7820.600, 7.200, 0, 5]
Automobiles and Parts:[2054.051, 78.603, 368.928, 237]
Cars:[3129.429, 40.429, 0, 7]
Baby Goods:[435.800, 4.800, 0, 5]
Outdoor Gear:[2810.951, 99.854, 246.537, 445]
Vitamins:[1296.000, 129.000, 0, 3]
Automotive:[984.033, 44.511, 263.749, 657]
Household Supplies:[278.000, 31.500, 0, 2]
Bags:[684.667, 33.000, 0, 3]
Home Decor:[8585.083, 156.000, 0, 12]
Computers:[20829.484, 92.500, 277.633, 188]
Toys:[337.000, 11.333, 0, 3]
Beverages:[33142.681, 79.862, 2218.142, 1623]